"Region, development group, country or area",Both 1990,Both 1995,Both 2000,Both 2005,Both 2010,Both 2015,Both 2020,Male 1990,Male 1995,Male 2000,Male 2005,Male 2010,Male 2015,Male 2020,Female 1990,Female 1995,Female 2000,Female 2005,Female 2010,Female 2015,Female 2020
WORLD,152986157,161289976,173230585,191446828,220983187,247958644,280598105,77563467,81581501,87719833,97663081,113940881,128238058,145655844,75422690,79708475,85510752,93783747,107042306,119720586,134942261
  Sub-Saharan Africa,13286341,14275437,13151229,14290369,15854637,20721874,22221538,7048417,7514093,6939992,7657166,8388044,10866306,11651019,6237924,6761344,6211237,6633203,7466593,9855568,10570519
  Northern Africa and Western Asia,17608769,18912064,20321397,23165804,32638434,42036092,49767746,10137138,11047709,12060066,14298543,21159635,27119963,31936084,7471631,7864355,8261331,8867261,11478799,14916129,17831662
  Central and Southern Asia,26168623,21247814,20139825,18854544,19676783,19266265,19427576,13255517,10643146,10125866,9395177,9817100,9603861,9727936,12913106,10604668,10013959,9459367,9859683,9662404,9699640
  Eastern and South-Eastern Asia,6835882,8339806,10506212,12979157,15760463,18027810,19591106,3507907,4190876,5165913,6436048,7866153,9100814,9920938,3327975,4148930,5340299,6543109,7894310,8926996,9670168
  Latin America and the Caribbean,7135971,6661553,6539738,7184113,8326588,9441503,14794623,3582217,3335229,3266229,3572498,4139431,4738649,7473421,3553754,3326324,3273509,3611615,4187157,4702854,7321202
  Oceania (excluding Australia and New Zealand),258678,280580,296618,306039,298175,302810,313069,144238,153072,156788,161215,158458,160348,165505,114440,127508,139830,144824,139717,142462,147564
  Australia and New Zealand,4473260,4741947,5065063,5717982,6830423,7769466,9067584,2271419,2382510,2519827,2826880,3381077,3846117,4480351,2201841,2359437,2545236,2891102,3449346,3923349,4587233
  Europe and Northern America,77218633,86830775,97210503,108948820,121597684,130392824,145414863,37616614,42314866,47485152,53315554,59030983,62802000,70300590,39602019,44515909,49725351,55633266,62566701,67590824,75114273
  Developed regions,82767210,92935093,103962010,116678357,130562258,140394479,157253443,40426798,45377588,50801907,57073632,63384541,67698187,76128097,42340412,47557505,53160103,59604725,67177717,72696292,81125346
  Less developed regions,70218947,68354883,69268575,74768471,90420929,107564165,123344662,37136669,36203913,36917926,40589449,50556340,60539871,69527747,33082278,32150970,32350649,34179022,39864589,47024294,53816915
" Less developed regions, excluding least developed countries",59158726,56673106,59204627,64976460,79989053,94124050,107159937,31586436,30379836,31883994,35617824,45371137,53851671,61492223,27572290,26293270,27320633,29358636,34617916,40272379,45667714
" Less developed regions, excluding China",67419066,65243958,65850628,71088981,86472612,103368940,118939005,35723792,34702148,35328824,38894021,48756636,58644164,67594504,31695274,30541810,30521804,32194960,37715976,44724776,51344501
  Least developed countries,11060221,11681777,10063948,9792011,10431876,13440115,16184725,5550233,5824077,5033932,4971625,5185203,6688200,8035524,5509988,5857700,5030016,4820386,5246673,6751915,8149201
  Land-locked Developing Countries (LLDC),14212843,12370057,11503826,11576028,11597176,13821420,15022720,6634173,5711793,5322930,5433861,5547431,6703619,7264069,7578670,6658264,6180896,6142167,6049745,7117801,7758651
  Small island developing States (SIDS),2312665,2758806,3287168,3918084,4710457,5273967,5678001,1215163,1416442,1643712,1982037,2421217,2747999,3006821,1097502,1342364,1643456,1936047,2289240,2525968,2671180
  High-income countries,76295202,87896678,101641715,119026154,142642749,158516311,181897756,39262814,44979406,51813707,61090224,74310524,82642592,95328366,37032388,42917272,49828008,57935930,68332225,75873719,86569390
  Middle-income countries,67228996,64071357,63873275,64747471,69069732,78597464,85895533,33533975,31900162,32013691,32742245,34997886,40203291,44012113,33695021,32171195,31859584,32005226,34071846,38394173,41883420
 Upper-middle-income countries,35289343,35213683,35822210,38209661,42080101,50991477,57383443,17724673,17685130,18115349,19479700,21633758,26585049,29870387,17564670,17528553,17706861,18729961,20446343,24406428,27513056
 Lower-middle-income countries,31939653,28857674,28051065,26537810,26989631,27605987,28512090,15809302,14215032,13898342,13262545,13364128,13618242,14141726,16130351,14642642,14152723,13275265,13625503,13987745,14370364
  Low-income countries,9193274,8995692,7322731,7227899,8781206,10321749,12232043,4626030,4534923,3695811,3612390,4397440,5146388,6046398,4567244,4460769,3626920,3615509,4383766,5175361,6185645
 AFRICA,15689666,16357077,15051677,16040087,17806677,22860792,25389464,8279127,8619901,7996691,8703290,9543626,12139998,13439073,7410539,7737176,7054986,7336797,8263051,10720794,11950391
  Eastern Africa,5959183,4977644,4847119,4788649,4743657,6696922,7682801,3069356,2563827,2483905,2548491,2405918,3377343,3846978,2889827,2413817,2363214,2240158,2337739,3319579,3835823
   Burundi,333110,254853,125628,192774,247321,298299,344767,163267,124165,61094,94413,121762,146970,170125,169843,130688,64534,98361,125559,151329,174642
   Comoros,14079,13939,13799,13209,12618,12555,12496,6717,6614,6511,6286,6060,6071,6044,7362,7325,7288,6923,6558,6484,6452
   Djibouti,122221,99774,100507,92110,102307,112351,119738,64242,52476,52920,51331,53669,59081,62863,57979,47298,47587,40779,48638,53270,56875
   Eritrea,11848,12400,12952,15905,15813,15941,13934,6228,6542,6856,8603,8679,8833,7815,5620,5858,6096,7302,7134,7108,6119
   Ethiopia,1155390,806904,611384,514451,568748,1161642,1085517,607284,424117,322219,269834,298069,591409,536807,548106,382787,289165,244617,270679,570233,548710
   Kenya,298089,618745,707852,773354,954925,1126886,1050147,161259,322189,352933,400364,473093,562909,529975,136830,296556,354919,372990,481832,563977,520172
   Madagascar,23917,21177,23541,26058,28905,32075,35563,13348,11901,13276,14744,16410,18270,20262,10569,9276,10265,11314,12495,13805,15301
   Malawi,1127724,241624,232620,221661,217722,197328,191362,546520,116198,111530,105931,103869,93689,93612,581204,125426,121090,115730,113853,103639,97750
   Mauritius*,3613,7493,15543,19647,24836,28585,28893,1763,3228,5705,8943,13188,15832,16003,1850,4265,9838,10704,11648,12753,12890
   Mayotte*,15229,26316,45474,63176,72757,81386,111540,8780,14679,23546,31364,34500,37657,51609,6449,11637,21928,31812,38257,43729,59931
   Mozambique,122332,168256,195702,268694,306471,321794,338850,66060,91210,103175,130290,148105,155510,165490,56272,77046,92527,138404,158366,166284,173360
   RÃ©union*,57210,77159,100678,115076,123029,127209,131769,30724,40710,52264,59196,62707,64537,66852,26486,36449,48414,55880,60322,62672,64917
   Rwanda,160024,215735,347076,423187,426901,514647,513907,80763,109783,175741,213279,214048,256327,259907,79261,105952,171335,209908,212853,258320,254000
   Seychelles,3721,5148,6574,8997,11420,12791,13050,2204,3021,3837,5820,7804,8954,9136,1517,2127,2737,3177,3616,3837,3914
   Somalia,478294,19527,20097,20768,48106,40990,58590,244201,10282,10628,11098,25213,21584,32285,234093,9245,9469,9670,22893,19406,26305
   South Sudan,0,0,0,0,230732,844112,882252,0,0,0,0,119106,430944,443405,0,0,0,0,111626,413168,438847
   Uganda,544273,606987,584280,593308,492930,851175,1720313,283337,308281,290859,292130,241903,415845,827664,260936,298706,293421,301178,251027,435330,892649
   United Republic of Tanzania*,574025,1106043,949600,771153,309847,384567,426017,283390,547089,481816,486983,154591,190617,213007,290635,558954,467784,284170,155256,193950,213010
   Zambia,279463,244338,343703,252895,149962,132107,187955,143029,125329,175114,128628,75941,66651,97556,136434,119009,168589,124267,74021,65456,90399
   Zimbabwe,634621,431226,410109,402226,398307,400482,416141,356240,246013,233881,229254,227201,225653,236561,278381,185213,176228,172972,171106,174829,179580
  Middle Africa,1461155,2662490,1775284,1961951,2436802,3479911,3861568,744853,1355452,915265,1003895,1241613,1828969,2030830,716302,1307038,860019,958056,1195189,1650942,1830738
   Angola,33517,39813,46108,62331,336367,632178,656434,18142,20755,23367,30736,162332,304635,331401,15375,19058,22741,31595,174035,327543,325033
   Cameroon,265967,244791,227242,265503,291474,508346,579209,145869,133945,124008,146129,161485,251311,286254,120098,110846,103234,119374,129989,257035,292955
   Central African Republic,67234,99712,123529,96409,94685,81568,88546,35686,52975,65636,51299,50411,43147,46357,31548,46737,57893,45110,44274,38421,42189
   Chad,74342,89584,104825,352130,417034,466968,547494,40133,48298,56463,159745,186821,215640,249548,34209,41286,48362,192385,230213,251328,297946
   Congo,129391,191635,305880,318724,425173,390142,387606,64316,95822,153107,173229,231105,213764,211403,65075,95813,152773,145495,194068,176378,176203
   Democratic Republic of the Congo,754194,1816963,744387,623009,589882,810018,952871,363117,901379,365092,302359,284693,393966,459052,391077,915584,379295,320650,305189,416052,493819
   Equatorial Guinea,2740,3629,4517,6588,8658,209611,230618,1465,1930,2394,3564,4734,161527,177716,1275,1699,2123,3024,3924,48084,52902
   Gabon,128188,171427,214431,233824,270829,378686,416651,73172,97800,122986,135107,158680,243782,268032,55016,73627,91445,98717,112149,134904,148619
   Sao Tome and Principe,5582,4936,4365,3433,2700,2394,2139,2953,2548,2212,1727,1352,1197,1067,2629,2388,2153,1706,1348,1197,1072
  Northern Africa,2403325,2081640,1900448,1749718,1952040,2138918,3167926,1230710,1105808,1056699,1046124,1155582,1273692,1788054,1172615,975832,843749,703594,796458,865226,1379872
   Algeria,273954,262032,250110,197728,217268,239473,250378,150234,143696,137158,108434,114894,126522,132142,123720,118336,112952,89294,102374,112951,118236
   Egypt,173833,166955,184774,285006,310017,353641,543937,91995,88545,98224,165211,174104,207433,289552,81838,78410,86550,119795,135913,146208,254385
   Libya,457075,508041,567436,625412,687192,771146,826537,242707,300906,368950,445685,491303,549153,593797,214368,207135,198486,179727,195889,221993,232740
   Morocco,54895,50360,53034,56222,71189,92424,102358,29024,26264,27233,28486,35881,46387,52707,25871,24096,25801,27736,35308,46037,49651
   Sudan,1402896,1053396,805086,546419,618709,620523,1379147,696385,525701,404618,278084,314552,311885,685177,706511,527695,400468,268335,304157,308638,693970
   Tunisia,37984,37867,36719,35040,43172,56532,60145,18900,19045,18679,18000,22236,29253,31474,19084,18822,18040,17040,20936,27279,28671
   Western Sahara,2688,2989,3289,3891,4493,5179,5424,1465,1651,1837,2224,2612,3059,3205,1223,1338,1452,1667,1881,2120,2219
  Southern Africa,1395265,1201708,1267695,1582721,2352541,3477903,3125072,841812,718438,745852,909827,1351820,1905968,1772593,553453,483270,521843,672894,1000721,1571935,1352479
   Botswana,27510,40168,74934,84661,94863,103053,110268,16614,23517,43840,49159,54019,58651,62817,10896,16651,31094,35502,40844,44402,47451
   Eswatini,74991,35157,34084,33392,32637,32352,32858,39905,18701,17921,17369,16790,16627,16921,35086,16456,16163,16023,15847,15725,15937
   Lesotho,8240,7204,6167,6290,6414,9152,12060,4318,3827,3335,3402,3469,5037,6537,3922,3377,2832,2888,2945,4115,5523
   Namibia,120641,115372,135547,107347,103826,101618,109391,63748,61310,73154,57625,55803,54739,59024,56893,54062,62393,49722,48023,46879,50367
   South Africa,1163883,1003807,1016963,1351031,2114801,3231728,2860495,717227,611083,607602,782272,1221739,1770914,1627294,446656,392724,409361,568759,893062,1460814,1233201
  Western Africa,4470738,5433595,5261131,5957048,6321637,7067138,7552097,2392396,2876376,2794970,3194953,3388693,3754026,4000618,2078342,2557219,2466161,2762095,2932944,3313112,3551479
   Benin,76751,105703,134655,248320,309225,366284,394276,40418,56304,72190,122368,143632,172056,185619,36333,49399,62465,125952,165593,194228,208657
   Burkina Faso,349652,464104,520363,597658,674438,704676,723989,167834,223156,250555,285871,320939,335328,344331,181818,240948,269808,311787,353499,369348,379658
   Cabo Verde,8931,9979,11027,12700,14373,14924,15788,4429,5091,5753,6523,7293,7547,7985,4502,4888,5274,6177,7080,7377,7803
   CÃ´te d'Ivoire,1816426,2076394,2163644,2265090,2366537,2470613,2564857,1011749,1150710,1198496,1254690,1310459,1368110,1420248,804677,925684,965148,1010400,1056078,1102503,1144609
   Gambia,118123,150890,182514,181839,185837,192540,215659,66306,82048,97138,96196,98123,101501,113766,51817,68842,85376,85643,87714,91039,101893
   Ghana,164851,252879,191601,309932,337766,414744,476412,83030,127423,97279,159527,180030,221026,254403,81821,125456,94322,150405,157736,193718,222009
   Guinea,403621,774505,560075,233419,178762,126657,121437,201260,386537,279108,113528,93267,74193,71385,202361,387968,280967,119891,85495,52464,50052
   Guinea-Bissau,15368,27961,20450,20902,21391,22333,17945,7689,13833,10155,10380,10463,10826,8867,7679,14128,10295,10522,10928,11507,9078
   Liberia,94964,208563,151868,87217,99165,112111,87947,53924,111647,82129,51197,56902,64079,50694,41040,96916,69739,36020,42263,48032,37253
   Mali,160736,176187,189475,258630,341078,420504,485829,82049,90871,97752,133344,173088,213218,246308,78687,85316,91723,125286,167990,207286,239521
   Mauritania,111650,89562,57366,58211,84920,166552,182286,57569,47015,31163,32642,48746,94070,103203,54081,42547,26203,25569,36174,72482,79083
   Niger,115464,145999,122260,124509,126482,252998,348056,55222,69751,58192,59194,60042,119915,162019,60242,76248,64068,65315,66440,133083,186037
   Nigeria,456621,462999,487882,969714,990494,1199115,1308568,256166,258091,270211,564612,576648,657887,713678,200455,204908,217671,405102,413846,541228,594890
   Saint Helena*,178,117,108,163,248,377,437,110,70,61,85,136,251,306,68,47,47,78,112,126,131
   Senegal,270410,287654,231901,238298,256092,266496,274929,138840,147165,121492,124854,135879,141402,145591,131570,140489,110409,113444,120213,125094,129338
   Sierra Leone,222148,98516,97974,146227,79265,58830,53746,122898,55937,54184,76709,43622,33077,30408,99250,42579,43790,69518,35643,25753,23338
   Togo,84844,101583,137968,204219,255564,277384,279936,42903,50727,69112,103233,129424,139540,141807,41941,50856,68856,100986,126140,137844,138129
 ASIA,48209949,46418044,49066986,53249787,66123640,77191249,85618502,25669852,24775923,26295146,29083644,37687306,44550946,49796904,22540097,21642121,22771840,24166143,28436334,32640303,35821598
  Central Asia,6630683,5904795,5189082,5235877,5264938,5392792,5564042,2972344,2655599,2327133,2413191,2490544,2596335,2685448,3658339,3249196,2861949,2822686,2774394,2796457,2878594
   Kazakhstan,3619200,3251968,2874194,3103027,3334937,3546060,3732073,1666164,1497455,1323580,1472820,1625155,1757828,1850097,1953036,1754513,1550614,1630207,1709782,1788232,1881976
   Kyrgyzstan,623083,518338,389824,309399,232065,204382,199011,260416,216638,162927,128064,94596,82616,80456,362667,301700,226897,181335,137469,121766,118555
   Tajikistan,428900,348347,299499,280466,279808,275101,276031,187972,151894,131653,121403,121780,118639,119174,240928,196453,167846,159063,158028,156462,156857
   Turkmenistan,306500,273565,219067,213053,197979,196376,194920,134174,132122,102810,101214,90634,91531,92357,172326,141443,116257,111839,107345,104845,102563
   Uzbekistan,1653000,1512577,1406498,1329932,1220149,1170873,1162007,723618,657490,606163,589690,558379,545721,543364,929382,855087,800335,740242,661770,625152,618643
  Eastern Asia,3959266,4639749,5393004,6228684,7062527,7866663,8975729,1996803,2274256,2551537,2938257,3321334,3744128,4277681,1962463,2365493,2841467,3290427,3741193,4122535,4698048
   China*,376361,442198,508034,678947,849861,978046,1039675,191954,223018,254082,379920,505758,600136,637952,184407,219180,253952,299027,344103,377910,401723
"   China, Hong Kong SAR*",2218473,2443798,2669122,2721235,2779950,2841113,2962492,1124544,1175087,1225629,1185121,1147539,1120982,1107970,1093929,1268711,1443493,1536114,1632411,1720131,1854522
"   China, Macao SAR*",205047,224929,240791,279308,318506,376066,403490,96379,103660,109391,130387,146407,174589,187321,108668,121269,131400,148921,172099,201477,216169
"   China, Taiwan Province of China*",0,0,0,0,0,0,0,0,0,0,0,0,0,0,0,0,0,0,0,0,0
   Dem. People's Republic of Korea,34103,35143,36183,40097,44010,48458,49549,17393,17562,17731,19749,21766,24110,24654,16710,17581,18452,20348,22244,24348,24895
   Japan,1075317,1362371,1686444,2011555,2134151,2232189,2770996,538765,680212,796928,931198,972481,1050070,1347156,536552,682159,889516,1080357,1161670,1182119,1423840
   Mongolia,6718,7424,8206,11477,16062,19886,21345,3419,3959,4564,7577,11880,13284,14263,3299,3465,3642,3900,4182,6602,7082
   Republic of Korea,43247,123886,244224,486065,919987,1370905,1728182,24349,70758,143212,284305,515503,760957,958365,18898,53128,101012,201760,404484,609948,769817
  South-Eastern Asia,2876616,3700057,5113208,6750473,8697936,10161147,10615377,1511104,1916620,2614376,3497791,4544819,5356686,5643257,1365512,1783437,2498832,3252682,4153117,4804461,4972120
   Brunei Darussalam,73200,84748,96296,98441,100587,102733,111959,41856,47832,53807,55265,56723,58181,63407,31344,36916,42489,43176,43864,44552,48552
   Cambodia,38375,92230,146085,114096,82028,73962,79341,19084,45361,71638,57545,43412,39854,42730,19291,46869,74447,56551,38616,34108,36611
   Indonesia,465612,378960,292307,289310,307487,338124,355505,229885,191600,153315,165287,176522,196717,206538,235727,187360,138992,124023,130965,141407,148967
   Lao People's Democratic Republic,22866,23526,21948,20371,32955,45538,48731,11806,12199,11564,10930,20133,29335,31393,11060,11327,10384,9441,12822,16203,17338
   Malaysia*,695920,937368,1463598,1918504,2417395,3280681,3476560,405808,534964,822679,1133541,1469977,1996220,2156265,290112,402404,640919,784963,947418,1284461,1320295
   Myanmar,133545,113663,98011,83025,76414,73309,76446,72310,61489,52150,44506,41574,40178,41898,61235,52174,45861,38519,34840,33131,34548
   Philippines,154071,207345,318095,257468,208599,211862,225525,81347,107524,161904,133023,107933,109783,117105,72724,99821,156191,124445,100666,102079,108420
   Singapore,727262,991492,1351691,1710594,2164794,2483405,2523648,345842,456411,601671,758762,956856,1096394,1112517,381420,535081,750020,951832,1207938,1387011,1411131
   Thailand,528693,809720,1257821,2195610,3234381,3470220,3632496,283486,426290,647728,1102248,1629881,1742708,1821857,245207,383430,610093,1093362,1604500,1727512,1810639
   Timor-Leste,8954,9743,10602,11286,11540,8520,8399,4450,4763,5095,5578,5837,5148,5076,4504,4980,5507,5708,5703,3372,3323
   Viet Nam,28118,51262,56754,51768,61756,72793,76767,15230,28187,32825,31106,35971,42168,44471,12888,23075,23929,20662,25785,30625,32296
  Southern Asia,19537940,15343019,14950743,13618667,14411845,13873473,13863534,10283173,7987547,7798733,6981986,7326556,7007526,7042488,9254767,7355472,7152010,6636681,7085289,6865947,6821046
   Afghanistan,57686,71522,75917,87314,102276,339432,144098,32558,39105,42848,49281,57726,171550,69189,25128,32417,33069,38033,44550,167882,74909
   Bangladesh,881617,934735,987853,1062270,1345546,1422179,2115408,476097,503989,531907,572146,710548,751741,1093978,405520,430746,455946,490124,634998,670438,1021430
   Bhutan,23807,27972,32137,40279,48420,51106,53612,19409,22804,26200,32742,39283,43396,45524,4398,5168,5937,7537,9137,7710,8088
   India,7594801,6952238,6411331,5936740,5574018,5210847,4878704,3967470,3608978,3303591,2931489,2699495,2474515,2273912,3627331,3343260,3107740,3005251,2874523,2736332,2604792
   Iran (Islamic Republic of),4291601,2937668,2476469,2552206,2722397,2729939,2797235,2369093,1612428,1365390,1401736,1490419,1487403,1517518,1922508,1325240,1111079,1150470,1231978,1242536,1279717
   Maldives,8689,18510,27092,45045,54659,64273,70079,4777,9243,14907,27079,41712,56345,61437,3912,9267,12185,17966,12947,7928,8642
   Nepal,429974,690225,717900,680729,581889,509471,487564,125966,217088,241959,235852,191167,156361,146930,304008,473137,475941,444877,390722,353110,340634
   Pakistan,6208204,3669308,4181912,3174558,3943681,3506520,3276580,3264380,1951223,2249960,1710343,2075512,1845470,1812804,2943824,1718085,1931952,1464215,1868169,1661050,1463776
   Sri Lanka,41561,40841,40132,39526,38959,39706,40254,23423,22689,21971,21318,20694,20745,21196,18138,18152,18161,18208,18265,18961,19058
  Western Asia,15205444,16830424,18420949,21416086,30686394,39897174,46599820,8906428,9941901,11003367,13252419,20004053,25846271,30148030,6299016,6888523,7417582,8163667,10682341,14050903,16451790
   Armenia,658789,693999,657900,469189,211147,191199,190349,270535,284995,270170,191432,85669,77436,78085,388254,409004,387730,277757,125478,113763,112264
   Azerbaijan*,360600,344070,327540,301834,276901,264359,252228,157856,149509,141161,135143,129512,126656,121007,202744,194561,186379,166691,147389,137703,131221
   Bahrain,173212,205979,239361,404018,666406,722487,936094,122730,144227,165344,288614,481344,529546,694238,50482,61752,74017,115404,185062,192941,241856
   Cyprus*,43805,61941,80076,122849,188472,176693,190366,20463,27604,34745,53532,82477,77357,85679,23342,34337,45331,69317,105995,99336,104687
   Georgia*,304470,152235,76117,71296,73078,76685,79368,133285,66643,33321,31215,31993,33570,34879,171185,85592,42796,40081,41085,43115,44489
   Iraq,83638,199460,210525,134863,120466,359352,365766,55751,114821,120464,81877,74535,209217,201427,27887,84639,90061,52986,45931,150135,164339
   Israel,1632704,1792185,1851309,1889503,1956190,2011727,1953575,770777,830330,853712,867805,892887,912899,886517,861927,961855,997597,1021698,1063303,1098828,1067058
   Jordan,1146349,1537097,1927845,2198740,2786853,3166961,3457691,586473,784725,982977,1119171,1416784,1594808,1756637,559876,752372,944868,1079569,1370069,1572153,1701054
   Kuwait,1074391,921954,1127640,1333530,1874812,2866136,3110159,654878,591452,761512,918718,1312111,1901855,2063430,419513,330502,366128,414812,562701,964281,1046729
   Lebanon,523693,608303,692913,742243,793191,1916259,1712762,267922,310613,353305,382830,413057,921661,839706,255771,297690,339608,359413,380134,994598,873056
   Oman,304000,539643,623608,666164,816234,1856226,2372836,242477,417444,488389,527845,658753,1552000,1984025,61523,122199,135219,138319,157481,304226,388811
   Qatar,309753,361673,359697,646026,1456413,1687640,2226192,225932,269972,274242,498428,1206571,1416361,1842785,83821,91701,85455,147598,249842,271279,383407
   Saudi Arabia,4998445,5122702,5263387,6501819,8429956,10771366,13454842,3324873,3416485,3517768,4469805,5933281,7461502,9235130,1673572,1706217,1745619,2032014,2496675,3309864,4219712
   State of Palestine*,288332,281767,275202,274520,273840,273163,272784,132101,128328,124555,124608,124660,124710,124737,156231,153439,150647,149912,149180,148453,148047
   Syrian Arab Republic,714140,830610,834916,882398,1783595,835716,868711,364077,423115,427981,452524,910982,426967,432279,350063,407495,406935,429874,872613,408749,436432
   Turkey,1163686,1216173,1280963,1324108,1373749,4346197,6052652,577329,593938,616007,621694,629868,2390166,3124165,586357,622235,664956,702414,743881,1956031,2928487
   United Arab Emirates,1306574,1824118,2447010,3281115,7316697,7995126,8716332,931959,1309868,1757200,2388299,5463446,5890170,6419792,374615,514250,689810,892816,1853251,2104956,2296540
   Yemen,118863,136515,144940,171871,288394,379882,387113,67010,77832,80514,98879,156123,199390,223512,51853,58683,64426,72992,132271,180492,163601
 EUROPE,49608225,53489827,56858793,63585731,70627160,74759083,86706068,24119388,25913001,27501320,30770997,34086590,35808075,41979164,25488837,27576826,29357473,32814734,36540570,38951008,44726904
  Eastern Europe,21995312,21344124,20435785,19744557,19110686,19833989,20835402,10199700,10013084,9695286,9358006,9035538,9395960,9978380,11795612,11331040,10740499,10386551,10075148,10438029,10857022
   Belarus,1248977,1186282,1123586,1106982,1090378,1082905,1067090,572021,543307,514593,506988,499384,495961,488713,676956,642975,608993,599994,590994,586944,578377
   Bulgaria,21510,32435,43360,61074,76287,123803,184363,9047,13642,18238,26594,33841,60058,91585,12463,18793,25122,34480,42446,63745,92778
   Czechia,110394,165592,220789,322540,398493,416454,540921,57405,88316,119227,181719,236160,239228,312941,52989,77276,101562,140821,162333,177226,227980
   Hungary,347510,322234,296957,366787,436616,475508,584567,156185,147202,138219,174216,210212,235719,303065,191325,175032,158738,192571,226404,239789,281502
   Poland,1127771,964725,825251,722509,642417,611855,817254,482176,404049,338323,297039,262263,256623,390449,645595,560676,486928,425470,380154,355232,426805
   Republic of Moldova*,544162,367231,247828,171122,129488,106374,104438,238053,155297,101097,67924,52198,43467,42743,306109,211934,146731,103198,77290,62907,61695
   Romania,135825,135037,134254,145162,177211,281048,705310,57601,60443,63121,70153,87667,146758,386946,78224,74594,71133,75009,89544,134290,318364
   Russian Federation,11524948,11928927,11900297,11667588,11194710,11643276,11636911,5655422,5925452,5982851,5806597,5514401,5715211,5712089,5869526,6003475,5917446,5860991,5680309,5928065,5924822
   Slovakia,41295,69323,116376,130491,146319,177624,197161,18187,30531,51253,58716,66938,89011,100551,23108,38792,65123,71775,79381,88613,96610
   Ukraine*,6892920,6172338,5527087,5050302,4818767,4915142,4997387,2953603,2644845,2368364,2168060,2072474,2113924,2149298,3939317,3527493,3158723,2882242,2746293,2801218,2848089
  Northern Europe,6645605,7194824,7900973,9588814,11294937,13191086,14973861,3176421,3404174,3711179,4564413,5447856,6347909,7257061,3469184,3790650,4189794,5024401,5847081,6843177,7716800
   Channel Islands*,61660,60519,64301,70941,77581,82307,84087,29005,28468,30234,33611,36982,39338,40190,32655,32051,34067,37330,40599,42969,43897
   Denmark*,235189,303108,371026,440383,500772,595876,717574,114411,147194,179977,213097,242029,291431,354476,120778,155914,191049,227286,258743,304445,363098
   Estonia,381997,315755,249512,233701,217890,194664,199277,171691,136268,100844,94244,87644,80024,86767,210306,179487,148668,139457,130246,114640,112510
   Faroe Islands*,4285,2900,3593,4583,5096,5485,6812,2440,1575,1921,2450,2700,2783,3542,1845,1325,1672,2133,2396,2702,3270
   Finland*,63255,99729,136203,192169,228481,314856,386052,31682,49575,67469,96429,115105,159315,198822,31573,50154,68734,95740,113376,155541,187230
   Iceland,9584,12738,15892,25492,35091,39072,65424,4248,5727,7207,12413,17619,19070,35716,5336,7011,8685,13079,17472,20002,29708
   Ireland,227961,226892,350552,589046,730542,759256,871256,112093,108084,172959,309910,360440,376338,434756,115868,118808,177593,279136,370102,382918,436500
   Isle of Man*,34769,36886,39002,41475,43447,42238,43040,16371,17548,18725,20214,21361,20596,20987,18398,19338,20277,21261,22086,21642,22053
   Latvia,646007,538093,430178,376725,313786,265418,239422,290800,234216,177632,154745,124675,104011,97022,355207,303877,252546,221980,189111,161407,142400
   Lithuania,349258,273587,214311,201209,160772,136021,145184,164585,128641,100546,94189,69606,57508,73148,184673,144946,113765,107020,91166,78513,72036
   Norway*,192587,233302,292440,361144,524601,746375,852238,99562,117222,144826,176444,267235,389370,439206,93025,116080,147614,184700,257366,357005,413032
   Sweden,788767,936022,1003798,1125790,1337214,1602522,2003908,383085,450945,480211,538490,648004,786870,1008006,405682,485077,523587,587300,689210,815652,995902
   United Kingdom*,3650286,4155293,4730165,5926156,7119664,8406996,9359587,1756448,1978711,2228628,2818177,3454456,4021255,4464423,1893838,2176582,2501537,3107979,3665208,4385741,4895164
  Southern Europe,4340433,6230114,7681658,12004024,16206273,15815457,17665688,2062991,2959579,3688926,5851155,7876651,7427084,8355064,2277442,3270535,3992732,6152869,8329622,8388373,9310624
   Albania,66013,71354,76695,64739,52784,52031,48810,30579,33284,35990,32993,26901,26517,24908,35434,38070,40705,31746,25883,25514,23902
   Andorra,38891,44206,42147,50298,52053,42264,45574,20990,23588,22093,26466,27287,21485,23333,17901,20618,20054,23832,24766,20779,22241
   Bosnia and Herzegovina,56000,69476,82952,47287,38945,38597,36042,26538,33115,39691,22481,18581,18412,16880,29462,36361,43261,24806,20364,20185,19162
   Croatia,475438,674085,585298,579273,573248,561093,528056,222531,315733,274823,271645,268466,260473,245564,252907,358352,310475,307628,304782,300620,282492
   Gibraltar*,8709,8381,8054,9211,10369,11065,11190,4528,4196,3865,4518,5171,5591,5656,4181,4185,4189,4693,5198,5474,5534
   Greece,618139,857850,1111665,1190707,1321149,1242924,1340456,330038,445004,559794,587677,640731,570529,642639,288101,412846,551871,603030,680418,672395,697817
   Holy See*,762,778,790,798,783,790,809,376,379,379,381,375,376,372,386,399,411,417,408,414,437
   Italy,1428219,1774954,2121688,3954790,5787893,5805328,6386998,642414,809553,976691,1820290,2663889,2637798,2965914,785805,965401,1144997,2134500,3124004,3167530,3421084
   Malta,15077,17740,21521,24560,33008,52642,114760,7012,8366,10289,11899,17118,28332,66055,8065,9374,11232,12661,15890,24310,48705
   Montenegro,0,0,0,0,78512,71719,70999,0,0,0,0,31639,28178,27995,0,0,0,0,46873,43541,43004
   North Macedonia,95142,109343,125665,127667,129701,130730,131311,39661,45581,52385,53220,54067,54496,54740,55481,63762,73280,74447,75634,76234,76571
   Portugal,435782,532822,651472,771184,762825,864814,1001963,209922,259337,320319,376774,371536,398390,479936,225860,273485,331153,394410,391289,466424,522027
   San Marino,3310,3659,4045,4218,4880,5195,5543,1728,1940,2175,2302,2761,2867,2991,1582,1719,1870,1916,2119,2328,2552
   Serbia*,99269,870980,977873,854848,826275,807441,823011,46712,390134,437602,383088,364757,355180,362493,52557,480846,540271,471760,461518,452261,460518
   Slovenia,178077,174419,214508,217218,253786,237616,277964,89514,90255,114772,116741,145138,134460,162815,88563,84164,99736,100477,108648,103156,115149
   Spain*,821605,1020067,1657285,4107226,6280062,5891208,6842202,390448,499114,838058,2140680,3238234,2884000,3272773,431157,520953,819227,1966546,3041828,3007208,3569429
  Western Europe,16626875,18720765,20840377,22248336,24015264,25918551,33231117,8680276,9536164,10405929,10997423,11726545,12637122,16388659,7946599,9184601,10434448,11250913,12288719,13281429,16842458
   Austria,793239,894893,996547,1127164,1274901,1483123,1738183,368287,423302,478318,538924,607191,714537,848395,424952,471591,518229,588240,667710,768586,889788
   Belgium,1280583,1288003,1268368,1248733,1503806,1783488,2005479,654543,651788,636275,620924,726881,869989,984117,626040,636215,632093,627809,776925,913499,1021362
   France*,5897267,6087993,6278718,6737600,7309986,7878338,8524876,2999376,3046083,3092789,3300859,3554527,3808573,4130737,2897891,3041910,3185929,3436741,3755459,4069765,4394139
   Germany,5936181,7464406,8992631,9402447,9812263,10220418,15762457,3293128,3898397,4503666,4676178,4848689,5037961,7891635,2643053,3566009,4488965,4726269,4963574,5182457,7870822
   Liechtenstein,10906,13311,15483,18898,22342,23799,25877,5956,7068,7980,9434,10867,11605,12619,4950,6243,7503,9464,11475,12194,13258
   Luxembourg,113795,126106,139750,150618,163142,248888,298062,56062,62292,69286,74951,81420,126129,151653,57733,63814,70464,75667,81722,122759,146409
   Monaco,20359,21060,21787,21312,21132,25983,26601,9471,9955,10458,10322,10325,12599,12897,10888,11105,11329,10990,10807,13384,13704
   Netherlands*,1182263,1346164,1556337,1736127,1832510,1996318,2358333,592343,668236,765302,843444,881264,952313,1134404,589920,677928,791035,892683,951246,1044005,1223929
   Switzerland,1392282,1478829,1570756,1805437,2075182,2258196,2491249,701110,769043,841855,922387,1005381,1103416,1222202,691172,709786,728901,883050,1069801,1154780,1269047
 LATIN AMERICA AND THE CARIBBEAN,7135971,6661553,6539738,7184113,8326588,9441503,14794623,3582217,3335229,3266229,3572498,4139431,4738649,7473421,3553754,3326324,3273509,3611615,4187157,4702854,7321202
  Caribbean,1031083,1121563,1216872,1275731,1338893,1501081,1605148,538972,582117,627683,656072,684560,798867,852474,492111,539446,589189,619659,654333,702214,752674
   Anguilla*,2570,3317,4063,4684,5103,5471,5715,1258,1584,1910,2210,2415,2594,2706,1312,1733,2153,2474,2688,2877,3009
   Antigua and Barbuda,12029,17550,23071,24741,26412,28082,29386,5775,8046,10316,11052,11788,12524,13120,6254,9504,12755,13689,14624,15558,16266
   Aruba*,14444,22274,30104,32540,34328,36114,53593,6429,9974,13519,14559,15312,16108,24307,8015,12300,16585,17981,19016,20006,29286
   Bahamas,26855,31654,36454,45531,54745,59241,63583,13827,16620,19414,23613,27883,29963,32161,13028,15034,17040,21918,26862,29278,31422
   Barbados,24024,26224,28424,30624,32825,34475,34869,10065,11235,12405,13575,14746,15488,15668,13959,14989,16019,17049,18079,18987,19201
"   Bonaire, Sint Eustatius and Saba*",13010,15101,14387,14399,20941,24571,26221,0,0,0,0,0,0,0,0,0,0,0,0,0,0
   British Virgin Islands*,8035,10046,12958,15016,17076,19535,22164,4126,5034,6386,7401,8295,9413,10681,3909,5012,6572,7615,8781,10122,11483
   Cayman Islands*,9315,12666,19176,20679,24062,26193,29242,4587,6339,9671,10515,12310,13406,15017,4728,6327,9505,10164,11752,12787,14225
   Cuba,34555,26187,18545,11693,7373,4649,3024,17278,12559,8212,5152,3232,2027,1312,17277,13628,10333,6541,4141,2622,1712
   CuraÃ§ao*,0,0,0,0,34630,37611,57210,0,0,0,0,14196,15467,24958,0,0,0,0,20434,22144,32252
   Dominica,2519,3121,3723,4744,8110,8093,8284,1309,1623,1955,2491,4200,4215,4314,1210,1498,1768,2253,3910,3878,3970
   Dominican Republic,291151,323381,355611,375417,395479,549289,603794,181677,198842,216008,227826,239808,353448,382542,109474,124539,139603,147591,155671,195841,221252
   Grenada,4263,5544,6825,6902,6980,7057,7213,2106,2746,3386,3424,3463,3502,3292,2157,2798,3439,3478,3517,3555,3921
   Guadeloupe*,65944,74566,83188,89065,94942,90956,90206,32718,36248,39778,41273,42768,38680,37914,33226,38318,43410,47792,52174,52276,52292
   Haiti,19084,18129,17222,16360,17182,18047,18884,10606,10076,9572,9093,9552,10036,10499,8478,8053,7650,7267,7630,8011,8385
   Jamaica,20475,22713,24952,24284,23677,23165,23629,9981,11242,12503,12248,12024,11765,12008,10494,11471,12449,12036,11653,11400,11621
   Martinique*,38705,46599,54492,57034,59575,69174,68624,19091,22271,25451,25891,26330,29432,29199,19614,24328,29041,31143,33245,39742,39425
   Montserrat*,2013,1612,1211,1244,1291,1351,1379,1029,825,622,639,664,696,711,984,787,589,605,627,655,668
   Puerto Rico*,321909,338067,355038,352144,304969,280494,247132,153354,160739,168480,166780,142939,130916,114868,168555,177328,186558,185364,162030,149578,132264
   Saint BarthÃ©lemy*,0,0,0,0,0,0,0,0,0,0,0,0,0,0,0,0,0,0,0,0,0
   Saint Kitts and Nevis,3210,4248,5871,6682,7245,7443,7725,1642,2196,3068,3501,3806,3916,4066,1568,2052,2803,3181,3439,3527,3659
   Saint Lucia,5305,7155,9871,9839,9050,8673,8338,2618,3563,4960,4841,4377,4179,4004,2687,3592,4911,4998,4673,4494,4334
   Saint Martin (French part)*,0,0,0,0,0,0,0,0,0,0,0,0,0,0,0,0,0,0,0,0,0
   Saint Vincent and the Grenadines,3970,4135,4307,4436,4569,4637,4738,1928,2011,2099,2198,2302,2355,2443,2042,2124,2208,2238,2267,2282,2295
   Sint Maarten (Dutch part)*,0,0,0,13099,26203,27295,28845,0,0,0,6285,12570,13077,13822,0,0,0,6814,13633,14218,15023
   Trinidad and Tobago,50666,45994,41753,44812,48226,50021,78849,23528,21303,19288,20647,23152,24464,39179,27138,24691,22465,24165,25074,25557,39670
   Turks and Caicos Islands*,5062,7039,9015,13115,17216,22723,25748,2620,3643,4665,6787,8907,11759,13325,2442,3396,4350,6328,8309,10964,12423
   United States Virgin Islands*,51970,54241,56611,56647,56684,56721,56753,24824,25760,26730,26726,26722,26728,26744,27146,28481,29881,29921,29962,29993,30009
  Central America,1829911,1298916,1107577,1378041,1751028,1860215,2302001,903333,643244,554886,688185,875029,924739,1165930,926578,655672,552691,689856,875999,935476,1136071
   Belize,30404,33446,36488,41438,46390,54615,62043,16393,17512,18631,21052,23475,27473,31210,14011,15934,17857,20386,22915,27142,30833
   Costa Rica,417628,364287,310946,358398,405779,411697,520729,212173,184485,156798,176445,196055,197613,263636,205455,179802,154148,181953,209724,214084,257093
   El Salvador,47360,39537,31713,36029,40342,42059,42767,22218,18564,14909,17034,19157,20006,20344,25142,20973,16804,18995,21185,22053,22423
   Guatemala,264257,156188,48119,57214,66386,74852,84311,112615,66913,21211,26048,30919,35728,39916,151642,89275,26908,31166,35467,39124,44395
   Honduras,270423,149442,28461,27934,27288,38330,39195,137573,76077,14581,14476,14306,20123,20575,132850,73365,13880,13458,12982,18207,18620
   Mexico,695674,458549,538051,712648,969710,1013691,1197624,348353,229589,270896,359724,490779,508232,601509,347321,228960,267155,352924,478931,505459,596115
   Nicaragua,41421,26619,30389,34919,37345,40261,42167,20860,13364,15423,17774,19135,20723,21683,20561,13255,14966,17145,18210,19538,20484
   Panama,62744,70848,83410,109461,157788,184710,313165,33148,36740,42437,55632,81203,94841,167057,29596,34108,40973,53829,76585,89869,146108
  South America,4274977,4241074,4215289,4530341,5236667,6080207,10887474,2139912,2109868,2083660,2228241,2579842,3015043,5455017,2135065,2131206,2131629,2302100,2656825,3065164,5432457
   Argentina,1649919,1595069,1540219,1674163,1805957,2086301,2281728,788130,753027,717924,775308,831696,960310,1062533,861789,842042,822295,898855,974261,1125991,1219195
   Bolivia (Plurinational State of),73758,83598,92658,107745,122846,143008,164121,37549,42806,47665,56019,64380,74949,85961,36209,40792,44993,51726,58466,68059,78160
   Brazil,798517,741557,684596,638582,592640,710304,1079708,426147,396152,366156,343019,319921,383457,582881,372370,345405,318440,295563,272719,326847,496827
   Chile,107501,142417,177332,276360,375388,639724,1645015,54547,69632,84717,131414,178111,319714,830073,52954,72785,92615,144946,197277,320010,814942
   Colombia,104277,106943,109609,106523,130309,159407,1905393,53109,54666,56223,54938,68391,85158,953735,51168,52277,53386,51585,61918,74249,951658
   Ecuador,78663,115093,151523,189893,375253,387513,784787,38531,57879,77227,97472,193497,200352,406860,40132,57214,74296,92421,181756,187161,377927
   Falkland Islands (Malvinas)*,855,868,1067,1166,1436,1571,1957,488,510,636,675,807,873,1089,367,358,431,491,629,698,868
   French Guiana*,63612,70131,76649,86468,96288,106108,119249,34843,36869,38895,42729,46564,50399,56642,28769,33262,37754,43739,49724,55709,62607
   Guyana,4095,6352,8610,10868,8182,8661,31169,2200,3405,4611,5817,4530,4794,14497,1895,2947,3999,5051,3652,3867,16672
   Paraguay,195884,186570,176608,168243,160299,156462,169567,102816,97869,92052,87698,83394,81303,88311,93068,88701,84556,80545,76905,75159,81256
   Peru,56688,56732,66300,77877,104706,154774,1224519,28376,28062,32839,38959,56097,91090,642404,28312,28670,33461,38918,48609,63684,582115
   Suriname,18083,22320,27506,33662,39713,43127,47801,9767,12091,14938,18338,21658,23544,26271,8316,10229,12568,15324,18055,19583,21530
   Uruguay,98116,93428,88874,82317,76303,78799,108267,45830,43427,41095,37658,34535,35642,50937,52286,50001,47779,44659,41768,43157,57330
   Venezuela (Bolivarian Republic of),1025009,1019996,1013738,1076474,1347347,1404448,1324193,517579,513473,508682,538197,676261,703458,652823,507430,506523,505056,538277,671086,700990,671370
 NORTHERN AMERICA,27610408,33340948,40351710,45363089,50970524,55633741,58708795,13497226,16401865,19983832,22544557,24944393,26993925,28321426,14113182,16939083,20367878,22818532,26026131,28639816,30387369
   Bermuda*,15683,16676,17684,18108,18547,19212,19739,7557,8044,8540,8783,9035,9421,9724,8126,8632,9144,9325,9512,9791,10015
   Canada,4333318,4864778,5511914,6078985,6761226,7428657,8049323,2109652,2356105,2659135,2915838,3236539,3533164,3828361,2223666,2508673,2852779,3163147,3524687,3895493,4220962
   Greenland*,9282,7121,6601,6556,6091,6009,5899,6472,4875,4616,4461,4119,3951,3822,2810,2246,1985,2095,1972,2058,2077
   Saint Pierre and Miquelon*,1099,1320,1458,1147,1017,986,998,560,682,756,597,531,516,523,539,638,702,550,486,470,475
   United States of America*,23251026,28451053,34814053,39258293,44183643,48178877,50632836,11372985,14032159,17310785,19614878,21694169,23446873,24478996,11878041,14418894,17503268,19643415,22489474,24732004,26153840
 OCEANIA ,4731938,5022527,5361681,6024021,7128598,8072276,9380653,2415657,2535582,2676615,2988095,3539535,4006465,4645856,2316281,2486945,2685066,3035926,3589063,4065811,4734797
  Australia and New Zealand,4473260,4741947,5065063,5717982,6830423,7769466,9067584,2271419,2382510,2519827,2826880,3381077,3846117,4480351,2201841,2359437,2545236,2891102,3449346,3923349,4587233
   Australia*,3955213,4153330,4386250,4878030,5882980,6729730,7685860,2013196,2093280,2189900,2419190,2922030,3343330,3812187,1942017,2060050,2196350,2458840,2960950,3386400,3873673
   New Zealand*,518047,588617,678813,839952,947443,1039736,1381724,258223,289230,329927,407690,459047,502787,668164,259824,299387,348886,432262,488396,536949,713560
  Melanesia,91200,96828,95281,103881,110691,119343,124073,50712,54089,52951,57551,61528,65369,67814,40488,42739,42330,46330,49163,53974,56259
   Fiji,13283,13001,12719,12434,13357,13751,14087,6847,6726,6601,6563,7143,7421,7601,6436,6275,6118,5871,6214,6330,6486
   New Caledonia*,37673,43662,49651,55405,61158,68881,73141,20885,23908,26932,29909,32886,36181,38284,16788,19754,22719,25496,28272,32700,34857
   Papua New Guinea,33710,33526,26304,29971,30425,30940,31068,19362,19832,15874,17851,18466,18734,18895,14348,13694,10430,12120,11959,12206,12173
   Solomon Islands,4226,4178,3981,3271,2760,2585,2520,2349,2328,2224,1830,1546,1450,1415,1877,1850,1757,1441,1214,1135,1105
   Vanuatu,2308,2461,2626,2800,2991,3186,3257,1269,1295,1320,1398,1487,1583,1619,1039,1166,1306,1402,1504,1603,1638
  Micronesia,108969,118687,130186,128390,114743,113466,118860,60858,63046,64928,63769,57754,57402,60062,48111,55641,65258,64621,56989,56064,58798
   Guam*,69755,71912,74070,74743,75416,76089,80472,39364,38822,38280,38602,38924,39246,41508,30391,33090,35790,36141,36492,36843,38964
   Kiribati,2162,2223,2283,2487,2868,2919,3126,1107,1139,1188,1312,1512,1539,1650,1055,1084,1095,1175,1356,1380,1476
   Marshall Islands,1158,1480,1891,2417,3089,3284,3298,721,916,1164,1485,1895,2011,2021,437,564,727,932,1194,1273,1277
   Micronesia (Fed. States of),3685,3342,3116,2905,2806,2756,2832,2099,2119,1721,1565,1503,1473,1515,1586,1223,1395,1340,1303,1283,1317
   Nauru,2815,2605,2394,2253,906,1833,2201,1506,1395,1283,1208,486,1037,1297,1309,1210,1111,1045,420,796,904
   Northern Mariana Islands*,26593,32376,40122,37542,24168,21648,21843,14261,15847,17387,15977,10223,9100,9183,12332,16529,22735,21565,13945,12548,12660
   Palau,2801,4749,6310,6043,5490,4937,5088,1800,2808,3905,3620,3211,2996,2888,1001,1941,2405,2423,2279,1941,2200
  Polynesia*,58509,65065,71151,73768,72741,70001,70136,32668,35937,38909,39895,39176,37577,37629,25841,29128,32242,33873,33565,32424,32507
   American Samoa*,21283,23098,24912,24233,23555,23513,23608,11175,12037,12898,12498,12098,11998,12047,10108,11061,12014,11735,11457,11515,11561
   Cook Islands*,2587,2686,2785,3277,3769,4168,4579,1443,1497,1552,1724,1895,2090,2290,1144,1189,1233,1553,1874,2078,2289
   French Polynesia*,25830,28360,30329,32286,31640,30058,30081,15444,16689,17604,18405,18037,17136,17150,10386,11671,12725,13881,13603,12922,12931
   Niue*,461,480,498,522,589,588,588,245,257,268,282,319,319,319,216,223,230,240,270,269,269
   Samoa,3357,4694,5998,5746,5122,4255,4021,1771,2451,3101,2940,2594,2151,2031,1586,2243,2897,2806,2528,2104,1990
   Tokelau*,360,506,712,1003,1128,1185,1238,196,268,366,500,543,564,586,164,238,346,503,585,621,652
   Tonga,2911,3274,3684,4301,4607,3954,3742,1488,1718,1981,2324,2503,2158,2044,1423,1556,1703,1977,2104,1796,1698
   Tuvalu,318,263,218,209,220,230,239,180,148,121,115,121,126,132,138,115,97,94,99,104,107
   Wallis and Futuna Islands*,1402,1704,2015,2191,2111,2050,2040,726,872,1018,1107,1066,1035,1030,676,832,997,1084,1045,1015,1010
