"Region, development group, country or area",Both 1990,Both 1995,Both 2000,Both 2005,Both 2010,Both 2015,Both 2020,Male 1990,Male 1995,Male 2000,Male 2005,Male 2010,Male 2015,Male 2020,Female 1990,Female 1995,Female 2000,Female 2005,Female 2010,Female 2015,Female 2020
WORLD,152986157,161289976,173230585,191446828,220983187,247958644,280598105,77563467,81581501,87719833,97663081,113940881,128238058,145655844,75422690,79708475,85510752,93783747,107042306,119720586,134942261
  Sub-Saharan Africa,15334807,16488973,15638014,17274985,19942724,24197211,28284538,8136844,8677806,8246575,9227058,10531120,12578348,14732802,7197963,7811167,7391439,8047927,9411604,11618863,13551736
  Northern Africa and Western Asia,16365218,18069437,19437054,21867791,25313711,32606047,37563820,8830013,9829261,10736407,12097241,14249463,18177303,20941050,7535205,8240176,8700647,9770550,11064248,14428744,16622770
  Central and Southern Asia,31104020,29069983,30897694,33347690,41082388,46481130,51229549,17054672,16042463,17179372,18895884,24444167,27971106,31211577,14049348,13027520,13718322,14451806,16638221,18510024,20017972
  Eastern and South-Eastern Asia,14774419,17860923,21440854,25556983,30977206,35205590,38400740,7414751,8861759,10500432,12487051,15130964,17150433,18801912,7359668,8999164,10940422,13069932,15846242,18055157,19598828
  Latin America and the Caribbean,15273399,19669704,24628700,29338206,34637650,36206000,42890481,7544689,9726163,12182539,14495367,16857618,17582139,20697275,7728710,9943541,12446161,14842839,17780032,18623861,22193206
  Oceania (excluding Australia and New Zealand),272517,313061,375176,407138,441903,495220,565281,133623,152358,183319,198892,214866,240815,273803,138894,160703,191857,208246,227037,254405,291478
  Australia and New Zealand,689030,758234,871660,984280,1149265,1256202,1404924,335351,366709,421127,481926,573939,622696,693842,353679,391525,450533,502354,575326,633506,711082
  Europe and Northern America,50532413,51582164,52877703,54849090,58681104,60592402,67601621,23704534,24148758,24676104,25682798,27337252,28229706,31770385,26827879,27433406,28201599,29166292,31343852,32362696,35831236
  Developed regions,51826246,52993691,54458296,56551836,60587161,62613012,69815370,24338984,24834922,25438034,26505508,28263791,29203683,32827157,27487262,28158769,29020262,30046328,32323370,33409329,36988213
  Less developed regions,92519577,100818788,111708559,127074327,151638790,174426790,198125584,48815493,52970355,58687841,67060709,81075598,93348863,106295489,43704084,47848433,53020718,60013618,70563192,81077927,91830095
" Less developed regions, excluding least developed countries",62696205,72701450,83646070,97124428,116141091,132944110,150520987,32572508,37664396,43328634,50504229,61260381,70333340,79492160,30123697,35037054,40317436,46620199,54880710,62610770,71028827
" Less developed regions, excluding China",87652367,95081133,105043210,118876449,141938473,163095388,186511434,46303670,50066462,55378675,63084782,76484858,88028326,100946274,41348697,45014671,49664535,55791667,65453615,75067062,85565160
  Least developed countries,29823372,28117338,28062489,29949899,35497699,41482680,47604597,16242985,15305959,15359207,16556480,19815217,23015523,26803329,13580387,12811379,12703282,13393419,15682482,18467157,20801268
  Land-locked Developing Countries (LLDC),25086015,23874777,23134479,24288062,27740905,31336289,35277768,12878639,12222604,11981487,12609177,14227283,16089640,18147434,12207376,11652173,11152992,11678885,13513622,15246649,17130334
  Small island developing States (SIDS),5452503,6572361,7793822,8501316,9401155,10467162,11559408,2605273,3085104,3608507,3940542,4285399,4903522,5417850,2847230,3487257,4185315,4560774,5115756,5563640,6141558
  High-income countries,34008977,35677967,38024485,40882214,45649196,47356719,52808019,16390698,17139953,18150941,19612464,21784350,22710503,25556460,17618279,18538014,19873544,21269750,23864846,24646216,27251559
  Middle-income countries,88958999,98929758,109879954,123912679,144581899,157981964,177395834,45289740,50350945,56045764,63532741,75477248,82602967,92895832,43669259,48578813,53834190,60379938,69104651,75378997,84500002
 Upper-middle-income countries,46251718,53059271,59585818,65735241,74175415,77576140,87648518,22500336,25869947,29121527,32157068,36086584,37485261,42001984,23751382,27189324,30464291,33578173,38088831,40090879,45646534
 Lower-middle-income countries,42707281,45870487,50294136,58177438,70406484,80405824,89747316,22789404,24480998,26924237,31375673,39390664,45117706,50893848,19917877,21389489,23369899,26801765,31015820,35288118,38853468
  Low-income countries,21142448,18959483,18002895,18605623,21718616,31399947,37419672,11348393,10185505,9794758,10305271,11939008,17088744,20512220,9794055,8773978,8208137,8300352,9779608,14311203,16907452
 AFRICA,20621464,22341394,22080003,25241406,29193852,35111959,40567163,11215846,12073478,11985328,13778387,15998855,18809167,21729832,9405618,10267916,10094675,11463019,13194997,16302792,18837331
  Eastern Africa,7784743,7734774,6079992,6192747,7524192,9824290,12027289,4056986,4002246,3167304,3320996,3932812,5021946,6136440,3727757,3732528,2912688,2871751,3591380,4802344,5890849
   Burundi,337100,540558,758673,619916,284078,459979,551105,173892,277424,388445,386645,143736,227726,274913,163208,263134,370228,233271,140342,232253,276192
   Comoros,40079,51290,70502,96143,109125,121749,150823,22060,27869,36958,49839,54190,59176,73002,18019,23421,33544,46304,54935,62573,77821
   Djibouti,5308,6964,9055,11987,13797,16969,18365,2890,3904,5201,6293,7178,8659,9293,2418,3060,3854,5694,6619,8310,9072
   Eritrea,170603,375257,511506,299311,328366,624757,802822,89618,197413,255453,153062,172456,326403,422881,80985,177844,256053,146249,155910,298354,379941
   Ethiopia,1689941,816420,445886,524038,680290,842496,946129,856294,413014,239365,284011,369043,451972,510262,833647,403406,206521,240027,311247,390524,435867
   Kenya,250332,277647,317434,362031,442632,480647,535348,123044,135350,154208,173569,213979,227217,252759,127288,142297,163226,188462,228653,253430,282589
   Madagascar,59415,67324,77089,148805,160819,175868,193526,25591,28611,32318,64403,64593,68219,74976,33824,38713,44771,84402,96226,107649,118550
   Malawi,143436,150825,186229,222023,260531,297471,311052,84442,88872,110217,129386,151191,172322,185426,58994,61953,76012,92637,109340,125149,125626
   Mauritius*,110707,114073,119003,130649,148186,165869,182973,51464,51947,53306,59779,67567,74559,82790,59243,62126,65697,70870,80619,91310,100183
   Mayotte*,1835,3937,6214,6468,6342,6545,6767,986,1948,2976,3137,3113,3199,3305,849,1989,3238,3331,3229,3346,3462
   Mozambique,2222354,812685,644421,662951,797808,596949,640160,1202046,485263,391190,410270,512836,348100,385940,1020308,327422,253231,252681,284972,248849,254220
   RÃ©union*,3087,2623,2360,2556,2749,2907,3064,1571,1257,1057,1068,1083,1087,1189,1516,1366,1303,1488,1666,1820,1875
   Rwanda,547717,2060363,318198,289100,334244,503667,492489,276832,1021474,157926,142456,161713,247155,241187,270885,1038889,160272,146644,172531,256512,251302
   Seychelles,35633,27798,19244,23487,25932,27483,29258,17221,13271,8747,10171,11169,11783,12624,18412,14527,10497,13316,14763,15700,16634
   Somalia,848055,968956,1006128,1060953,1595328,2008490,2034221,448851,507818,517690,568870,839805,1040985,1064786,399204,461138,488438,492083,755523,967505,969435
   South Sudan,514943,438044,342628,228537,402616,1060678,2575870,266794,233701,190326,124611,209902,543822,1271104,248149,204343,152302,103926,192714,516856,1304766
   Uganda,311591,361969,517776,586602,731768,786229,781440,157865,177878,254464,291881,349440,375951,372735,153726,184091,263312,294721,382328,410278,408705
   United Republic of Tanzania*,203043,229151,215460,234918,262172,294102,327863,107172,119442,108653,118644,131509,145322,162475,95871,109709,106807,116274,130663,148780,165388
   Zambia,85201,140895,160201,181499,182766,184371,200700,42598,67736,77129,86976,86152,86165,93621,42603,73159,83072,94523,96614,98206,107079
   Zimbabwe,204363,287995,351985,500773,754643,1167064,1243314,105755,148054,181675,255925,382157,602124,641172,98608,139941,170310,244848,372486,564940,602142
  Middle Africa,1922243,1857602,2439360,2726556,3007543,3816990,4420662,958727,933704,1224847,1386182,1495622,1910761,2223566,963516,923898,1214513,1340374,1511921,1906229,2197096
   Angola,824886,688581,913206,716766,651383,618288,668066,405465,344763,457876,353459,322362,305926,334386,419421,343818,455330,363307,329021,312362,333680
   Cameroon,115835,138936,164296,221232,278898,348974,441015,60058,71875,85099,110699,136330,171870,219379,55777,67061,79197,110533,142568,177104,221636
   Central African Republic,46354,49205,55416,131410,245933,686224,816668,24202,25035,27493,61515,120235,348076,409486,22152,24170,27923,69895,125698,338148,407182
   Chad,336798,223096,206052,210661,202423,191269,222303,168101,112966,107494,113818,112308,104493,119894,168697,110130,98558,96843,90115,86776,102409
   Congo,96370,115677,135235,172610,178111,204829,223767,51515,60811,70562,86625,91205,102286,113453,44855,54866,64673,85985,86906,102543,110314
   Democratic Republic of the Congo,436513,559824,862039,1130872,1298544,1572222,1832069,217210,278309,426558,591870,640699,778269,916179,219303,281515,435481,539002,657845,793953,915890
   Equatorial Guinea,36175,46412,59930,71789,84390,116947,128774,17708,22471,28899,33811,40109,62959,68753,18467,23941,31031,37978,44281,53988,60021
   Gabon,15347,16610,18041,41357,36933,43075,48392,7732,8323,8985,20471,18065,20636,23205,7615,8287,9056,20886,18868,22439,25187
   Sao Tome and Principe,13965,19261,25145,29859,30928,35162,39608,6736,9151,11881,13914,14309,16246,18831,7229,10110,13264,15945,16619,18916,20777
  Northern Africa,5286657,5852421,6441989,7966421,9251128,10914748,12282625,3079002,3395672,3738753,4551329,5467735,6230819,6997030,2207655,2456749,2703236,3415092,3783393,4683929,5285595
   Algeria,921665,979641,1037985,1599647,1655264,1836502,2022337,521302,550210,580303,835802,913853,985595,1085651,400363,429431,457682,763845,741411,850907,936686
   Egypt,1321915,1492004,1708296,1807941,2586643,3151069,3610461,822788,950652,1105517,1184398,1747685,2041623,2341886,499127,541352,602779,623543,838958,1109446,1268575
   Libya,76239,77398,80014,100248,127399,152544,185518,40081,40775,42647,53242,67086,81637,101126,36158,36623,37367,47006,60313,70907,84392
   Morocco,1748116,1883924,2077010,2470656,2860702,2971770,3262222,984599,1040375,1134308,1367790,1580278,1575252,1707428,763517,843549,942702,1102866,1280424,1396518,1554794
   Sudan,584935,775375,885660,1277632,1235193,1842602,2104887,336126,439826,502757,708617,707467,1013988,1155684,248809,335549,382903,569015,527726,828614,949203
   Tunisia,465549,476933,486964,579009,615732,774376,902268,281451,281972,282149,329476,361434,434592,502404,184098,194961,204815,249533,254298,339784,399864
   Western Sahara,168238,167146,166060,131288,170195,185885,194932,92655,91862,91072,72004,89932,98132,102851,75583,75284,74988,59284,80263,87753,92081
  Southern Africa,576752,604456,732312,904614,1199813,1129951,1278435,350233,333229,373117,456787,610233,545606,628886,226519,271227,359195,447827,589580,584345,649549
   Botswana,26048,23315,26683,33281,44249,55294,63561,19233,15684,16140,19815,26110,32477,39730,6815,7631,10543,13466,18139,22817,23831
   Eswatini,35179,30340,34116,44861,69030,46236,50039,25589,19847,19127,24643,37802,22566,24339,9590,10493,14989,20218,31228,23670,25700
   Lesotho,191328,136593,120565,159071,243128,191457,202164,145910,94102,67211,85462,129955,86078,89567,45418,42491,53354,73609,113173,105379,112597
   Namibia,16077,28220,49348,65598,99599,50410,47770,9360,14974,24829,32195,48854,25042,23612,6717,13246,24519,33403,50745,25368,24158
   South Africa,308120,385988,501600,601803,743807,786554,914901,150141,188622,245810,294672,367512,379443,451638,157979,197366,255790,307131,376295,407111,463263
  Western Africa,5051069,6292141,6386350,7451068,8211176,9425980,10558152,2770898,3408627,3481307,4063093,4492453,5100035,5743910,2280171,2883514,2905043,3387975,3718723,4325945,4814242
   Benin,234314,275696,328046,504165,541152,634923,681827,127252,148769,174755,280680,298194,341137,365338,107062,126927,153291,223485,242958,293786,316489
   Burkina Faso,1021331,1215665,1279414,1352292,1434528,1518568,1599347,573295,681370,715933,757585,801969,848841,894339,448036,534295,563481,594707,632559,669727,705008
   Cabo Verde,91363,106954,124823,141984,152863,171429,187558,42681,50377,59328,66615,70174,76690,85032,48682,56577,65495,75369,82689,94739,102526
   CÃ´te d'Ivoire,366336,449498,539234,731962,939795,1056380,1149298,185629,228580,271361,361279,463697,520911,571219,180707,220918,267873,370683,476098,535469,578079
   Gambia,36280,38384,45427,61209,77440,96963,139210,20808,22147,26237,36960,47865,60472,93414,15472,16237,19190,24249,29575,36491,45796
   Ghana,371157,428051,495887,665731,762002,892253,1004324,187375,215795,251580,355105,404723,466166,529432,183782,212256,244307,310626,357279,426087,474892
   Guinea,352763,365862,377019,404677,455866,493411,550790,201530,207743,211832,228829,256473,273042,312062,151233,158119,165187,175848,199393,220369,238728
   Guinea-Bissau,55406,67149,77664,82846,91546,98151,111790,27429,34138,42477,45328,49210,51546,60632,27977,33011,35187,37518,42336,46605,51158
   Liberia,516878,542295,248412,354792,219139,205741,233564,260639,267590,123295,174000,109053,102946,116235,256239,274705,125117,180792,110086,102795,117329
   Mali,647426,820564,772866,895360,994832,1228544,1303511,360541,451780,430246,504937,563350,696316,742057,286885,368784,342620,390423,431482,532228,561454
   Mauritania,134478,151710,107607,103107,114192,114630,130226,75167,85261,65705,63798,71784,71355,80059,59311,66449,41902,39309,42408,43275,50167
   Niger,149777,177067,205236,304086,335897,374993,399707,94786,111377,126966,183773,201800,221615,236316,54991,65690,78270,120313,134097,153378,163391
   Nigeria,446753,524535,610130,817392,996914,1306526,1670455,255357,302154,352560,440569,535088,682707,877687,191396,222381,257570,376823,461826,623819,792768
   Saint Helena*,884,2207,3715,3268,3607,4285,4885,386,887,1468,1319,1510,1731,1981,498,1320,2247,1949,2097,2554,2904
   Senegal,370243,359061,394608,470508,547495,594507,693765,230817,221538,241858,286672,344435,368123,430442,139426,137523,152750,183836,203060,226384,263323
   Sierra Leone,61853,457827,509098,151886,126730,139296,152486,31967,230241,254796,76684,62967,69275,76143,29886,227586,254302,75202,63763,70021,76343
   Togo,193827,309616,267164,405803,417178,495380,545409,95239,148880,130910,198960,210161,247162,271522,98588,160736,136254,206843,207017,248218,273887
 ASIA,56957000,59147922,65333613,72806043,88122177,103378019,114911484,30220434,31337811,34677458,38928847,48356859,57068023,63957509,26736566,27810111,30656155,33877196,39765318,46309996,50953975
  Central Asia,5719892,6159859,6462345,6918899,7232295,7428032,7835504,2757747,2978669,3122316,3372771,3558067,3640447,3807379,2962145,3181190,3340029,3546128,3674228,3787585,4028125
   Kazakhstan,2971634,3295157,3554484,3717649,3797527,3885576,4203899,1427481,1557194,1652929,1736321,1778295,1810038,1934708,1544153,1737963,1901555,1981328,2019232,2075538,2269191
   Kyrgyzstan,522574,550022,566315,652852,726544,742841,774377,252637,266043,273034,315925,352824,358754,368266,269937,283979,293281,336927,373720,384087,406111
   Tajikistan,537699,555426,541183,586235,584647,585060,586851,264425,289709,299119,327743,336574,334196,337393,273274,265717,242064,258492,248073,250864,249458
   Turkmenistan,260005,243523,224398,231939,234635,238531,242554,127429,119518,109999,112625,112615,113826,115596,132576,124005,114399,119314,122020,124705,126958
   Uzbekistan,1427980,1515731,1575965,1730224,1888942,1976024,2027823,685775,746205,787235,880157,977759,1023633,1051416,742205,769526,788730,850067,911183,952391,976407
  Eastern Asia,7049024,8166675,9352688,11019974,12863294,14417725,14820004,3588473,4108628,4618538,5350635,6119053,6820704,6898164,3460551,4058047,4734150,5669339,6744241,7597021,7921840
   China*,4231625,5030321,5884919,7337211,8714648,10240817,10461170,2197565,2555203,2924744,3547044,4094711,4769179,4768512,2034060,2475118,2960175,3790167,4619937,5471638,5692658
"   China, Hong Kong SAR*",549125,617237,685913,752476,862070,957289,1007788,270896,303535,337228,377171,439136,490995,516106,278229,313702,348685,375305,422934,466294,491682
"   China, Macao SAR*",86460,90097,94517,108191,123599,133296,145192,43362,45155,47194,51712,56893,60363,64597,43098,44942,47323,56479,66706,72933,80595
"   China, Taiwan Province of China*",0,0,0,0,0,0,0,0,0,0,0,0,0,0,0,0,0,0,0,0,0
   Dem. People's Republic of Korea,39383,53797,72350,86763,96459,103898,110377,19056,26480,35986,44079,50274,54930,58162,20327,27317,36364,42684,46185,48968,52215
   Japan,604803,653293,708933,718466,756792,764408,808825,299099,319455,340803,340784,352600,351281,362930,305704,333838,368130,377682,404192,413127,445895
   Mongolia,24466,27694,30648,42354,57405,65485,82098,11762,12872,13870,19757,27393,30999,39366,12704,14822,16778,22597,30012,34486,42732
   Republic of Korea,1513162,1694236,1875408,1974513,2252321,2152532,2204554,746733,845928,918713,970088,1098046,1062957,1088491,766429,848308,956695,1004425,1154275,1089575,1116063
  South-Eastern Asia,7725395,9694248,12088166,14537009,18113912,20787865,23580736,3826278,4753131,5881894,7136416,9011911,10329729,11903748,3899117,4941117,6206272,7400593,9102001,10458136,11676988
   Brunei Darussalam,26323,35052,45242,45314,44541,45110,45340,15605,21035,27186,26586,26048,26000,25825,10718,14017,18056,18728,18493,19110,19515
   Cambodia,355428,418213,459621,674436,953059,1074572,1104819,174749,205878,223794,319678,450385,505718,513004,180679,212335,235827,354758,502674,568854,591815
   Indonesia,1622259,1937233,2415077,2781287,3415963,4065095,4601369,948258,1103287,1344276,1544224,1903542,2272231,2560770,674001,833946,1070801,1237063,1512421,1792864,2040599
   Lao People's Democratic Republic,483008,547786,649287,897002,1198862,1288179,1296051,237312,270215,317564,421459,553800,592231,571192,245696,277571,331723,475543,645062,695948,724859
   Malaysia*,560353,861208,1201135,1379305,1599061,1781038,1860037,275352,401165,539648,631301,739362,816165,805157,285001,460043,661487,748004,859699,964873,1054880
   Myanmar,685308,911445,1224310,1736590,2492274,2842494,3711751,376108,494608,656671,960444,1392913,1593428,2323899,309200,416837,567639,776146,1099361,1249066,1387852
   Philippines,2012499,2481963,3062665,3684528,4692695,5498232,6094307,826634,1041934,1307609,1609037,2149714,2533069,2804967,1185865,1440029,1755056,2075491,2542981,2965163,3289340
   Singapore,156444,168100,192930,235683,282421,324639,348464,74549,79794,91193,113294,136184,157614,166831,81895,88306,101737,122389,146237,167025,181633
   Thailand,306924,411878,531028,631678,769257,921690,1086985,121071,155785,197201,230013,282453,348078,423456,185853,256093,333827,401665,486804,573612,663529
   Timor-Leste,11261,79050,148339,94961,35037,37325,39588,5921,39834,74436,50254,19023,20585,21796,5340,39216,73903,44707,16014,16740,17792
   Viet Nam,1505588,1842320,2158532,2376225,2630742,2909491,3392025,770719,939596,1102316,1230126,1358487,1464610,1686851,734869,902724,1056216,1146099,1272255,1444881,1705174
  Southern Asia,25384128,22910124,24435349,26428791,33850093,39053098,43394045,14296925,13063794,14057056,15523113,20886100,24330659,27404198,11087203,9846330,10378293,10905678,12963993,14722439,15989847
   Afghanistan,7679582,4347049,4750677,4116739,5269518,5400916,5853838,4133232,2372554,2610780,2282977,2867554,2902913,3226319,3546350,1974495,2139897,1833762,2401964,2498003,2627519
   Bangladesh,5450443,5423528,5441094,5492474,6319871,6831282,7401763,3162454,3161768,3192999,3263197,4104883,4505672,4971930,2287989,2261760,2248095,2229277,2214988,2325610,2429833
   Bhutan,28461,117967,120183,120319,91934,51391,51998,13921,59851,61414,61514,46979,26218,26295,14540,58116,58769,58805,44955,25173,25703
   India,6619431,7153439,7928051,9588533,13221963,15885657,17869492,3806446,4113683,4624266,5803858,8500709,10356573,11732041,2812985,3039756,3303785,3784675,4721254,5529084,6137451
   Iran (Islamic Republic of),631196,746739,831205,889502,985691,1155617,1325113,362151,419763,456613,493083,530244,617010,708864,269045,326976,374592,396419,455447,538607,616249
   Maldives,2192,1687,1216,2212,3543,3606,3715,1697,1215,698,1126,1712,1685,1745,495,472,518,1086,1831,1921,1970
   Nepal,748053,856028,977396,1289629,1712697,2270166,2599701,389292,453518,524840,676438,873613,1239154,1461696,358761,402510,452556,613191,839084,1031012,1138005
   Pakistan,3341086,3340157,3406434,3777830,4790584,5798210,6328400,1969314,1993435,2060394,2304528,3136466,3743863,4147071,1371772,1346722,1346040,1473302,1654118,2054347,2181329
   Sri Lanka,883684,923530,979093,1151553,1454292,1656253,1960025,458418,488007,525052,636392,823940,937571,1128237,425266,435523,454041,515161,630352,718682,831788
  Western Asia,11078561,12217016,12995065,13901370,16062583,21691299,25281195,5751011,6433589,6997654,7545912,8781728,11946484,13944020,5327550,5783427,5997411,6355458,7280855,9744815,11337175
   Armenia,899678,901859,877148,900648,917043,944520,958190,436813,456359,469987,487642,493848,507143,513437,462865,445500,407161,413006,423195,437377,444753
   Azerbaijan*,1634157,1712214,1630589,1455180,1160863,1130348,1163922,767905,843058,846926,756699,618392,606730,623400,866252,869156,783663,698481,542471,523618,540522
   Bahrain,12817,26014,47736,51835,52235,56721,58270,6118,13253,24582,27091,27727,29822,23771,6699,12761,23154,24744,24508,26899,34499
   Cyprus*,174370,163275,153561,153973,163471,166585,173210,90729,83474,76411,76384,81809,79109,83014,83641,79801,77150,77589,81662,87476,90196
   Georgia*,919438,953280,967022,885523,805539,828931,861077,446500,480830,502617,453879,405507,411330,428794,472938,472450,464405,431644,400032,417601,432283
   Iraq,642933,752604,828414,1340599,2554929,1675613,2077976,343128,411368,469465,746216,1365619,910222,1038010,299805,341236,358949,594383,1189310,765391,1039966
   Israel,279625,290365,303860,317009,333968,331326,358691,138265,144213,151741,160875,171967,169899,185213,141360,146152,152119,156134,162001,161427,173478
   Jordan,313621,339026,368299,440788,602099,706832,814909,187186,205575,226138,277273,385170,449065,516954,126435,133451,142161,163515,216929,257767,297955
   Kuwait,81583,97009,113415,129005,177816,195034,212271,45219,55486,66324,76100,108844,118278,129614,36364,41523,47091,52905,68972,76756,82657
   Lebanon,507722,531538,558891,608856,699704,757183,856814,291678,302457,315472,352390,414002,447670,506899,216044,229081,243419,256466,285702,309513,349915
   Oman,12504,13844,15623,18824,20752,22797,25099,6431,7228,8238,10002,11165,11967,13574,6073,6616,7385,8822,9587,10830,11525
   Qatar,12175,13302,14680,17131,20674,23574,25705,6018,6690,7489,8915,10713,11902,13145,6157,6612,7191,8216,9961,11672,12560
   Saudi Arabia,107045,130911,153614,178744,215338,282906,299268,57684,74204,89831,105465,125982,154312,165183,49361,56707,63783,73279,89356,128594,134085
   State of Palestine*,1812673,2274589,2767331,3258102,3539908,3773988,4022791,888096,1129279,1400058,1666877,1805760,1972565,2112254,924577,1145310,1367273,1591225,1734148,1801423,1910537
   Syrian Arab Republic,620285,661278,707070,813361,1057322,6447843,8457214,354582,379174,407236,484324,647361,3664034,4869975,265703,282104,299834,329037,409961,2783809,3587239
   Turkey,2512944,2771731,2847334,2577305,2708930,3073534,3411408,1349675,1470656,1525093,1374195,1432749,1587410,1766026,1163269,1301075,1322241,1203110,1276181,1486124,1645382
   United Arab Emirates,79499,97928,111082,125618,155609,178324,203214,44671,57415,66226,69562,83884,94400,107455,34828,40513,44856,56056,71725,83924,95759
   Yemen,455492,486249,529396,628869,876383,1095240,1301166,290313,312870,343820,412023,591229,720626,847302,165179,173379,185576,216846,285154,374614,453864
 EUROPE,47730278,48636003,49727784,51336984,54711301,56577753,63273663,22438898,22816174,23247653,24061192,25508453,26369327,29748898,25291380,25819829,26480131,27275792,29202848,30208426,33524765
  Eastern Europe,24779673,24168588,23820659,25554786,27578142,28822615,32194352,11228730,10857238,10575403,11423677,12346406,12864866,14468129,13550943,13311350,13245256,14131109,15231736,15957749,17726223
   Belarus,1767600,1736493,1685646,1581160,1464702,1469882,1483626,815547,780219,735866,683202,622606,623669,630018,952053,956274,949780,897958,842096,846213,853608
   Bulgaria,612960,649430,688682,907821,1106483,1179625,1683074,300350,312957,326504,426799,512180,496720,692856,312610,336473,362178,481022,594303,682905,990218
   Czechia,564746,620286,723333,752058,779438,819776,1026108,272425,289839,324606,336590,335913,353286,436228,292321,330447,398727,415468,443525,466490,589880
   Hungary,391583,404141,420959,466530,511199,600887,714420,196559,201396,210583,228737,247593,292523,352495,195024,202745,210376,237793,263606,308364,361925
   Poland,1673426,1775774,2047626,2884657,3716338,4077038,4825096,762917,792359,882240,1308371,1733144,1884117,2298995,910509,983415,1165386,1576286,1983194,2192921,2526101
   Republic of Moldova*,625680,620030,602773,715496,827409,929759,1159443,290609,297868,299267,342253,383845,430866,554320,335071,322162,303506,373243,443564,498893,605123
   Romania,811853,976732,1138825,2105906,3363361,3420714,3987093,376790,459487,542472,986924,1580768,1567809,1874015,435063,517245,596353,1118982,1782593,1852905,2113078
   Russian Federation,12653331,11587959,10664764,10302948,10118680,10179999,10756697,5512948,4984699,4509883,4425027,4372877,4449268,4655021,7140383,6603260,6154881,5877921,5745803,5730731,6101676
   Slovakia,132977,191610,251533,271828,260656,347385,419651,65915,95196,125238,128519,119280,157103,195564,67062,96414,126295,143309,141376,190282,224087
   Ukraine*,5545517,5606133,5596518,5566382,5429876,5797550,6139144,2634670,2643218,2618744,2557255,2438200,2609505,2778617,2910847,2962915,2977774,3009127,2991676,3188045,3360527
  Northern Europe,6227251,6202247,6422540,6780094,7178780,7315147,7884780,2959183,2945625,3053954,3254617,3443327,3529209,3820591,3268068,3256622,3368586,3525477,3735453,3785938,4064189
   Channel Islands*,18726,15626,12825,14815,15699,16469,17158,8755,7477,6316,7167,7744,8292,8836,9971,8149,6509,7648,7955,8177,8322
   Denmark*,201514,207707,217761,224462,233531,236832,257025,91508,94661,100345,106327,111478,111890,122100,110006,113046,117416,118135,122053,124942,134925
   Estonia,113860,129586,141821,150101,153633,189109,206631,54294,60521,65057,67824,68652,84113,91437,59566,69065,76764,82277,84981,104996,115194
   Faroe Islands*,7518,10003,12410,12484,12364,13407,12927,2989,4113,5236,5200,5189,5736,5511,4529,5890,7174,7284,7175,7671,7416
   Finland*,250610,288655,315861,300562,291883,282223,311889,101833,116149,125768,121279,115561,108794,123798,148777,172506,190093,179283,176322,173429,188091
   Iceland,17597,21433,26173,28669,32454,37006,43251,8613,10434,12764,14160,16160,18348,21173,8984,10999,13409,14509,16294,18658,22078
   Ireland,917101,863541,820657,769942,729466,736639,734317,413123,385333,361562,342406,328010,334784,341607,503978,478208,459095,427536,401456,401855,392710
   Isle of Man*,10735,9003,7377,8484,9033,10580,12032,5098,4363,3675,4167,4534,5185,5816,5637,4640,3702,4317,4499,5395,6216
   Latvia,215070,228958,238641,270982,278168,369238,380010,99917,105380,108961,121873,122669,165315,172595,115153,123578,129680,149109,155499,203923,207415
   Lithuania,340973,342389,348564,412371,517746,556292,658057,152568,150762,151578,179732,225126,244904,288652,188405,191627,196986,232639,292620,311388,369405
   Norway*,138289,151041,163834,174063,179971,185578,191392,59772,65270,71032,77328,80335,82268,82789,78517,85771,92802,96735,99636,103310,108603
   Sweden,205942,225655,256610,267953,291904,302408,327581,87405,97040,112503,118935,129495,135980,147538,118537,128615,144107,149018,162409,166428,180043
   United Kingdom*,3789316,3708650,3860006,4145206,4432928,4379366,4732510,1873308,1844122,1929157,2088219,2228374,2223600,2408739,1916008,1864528,1930849,2056987,2204554,2155766,2323771
  Southern Europe,10622826,11889956,12651345,11535218,11728125,12045253,14017111,5425783,6028232,6387954,5819357,5844716,6004592,7109579,5197043,5861724,6263391,5715861,5883409,6040661,6907532
   Albania,180204,501066,824442,966032,1117940,1142844,1250451,109414,281966,454773,517369,580912,576220,642626,70790,219100,369669,448663,537028,566624,607825
   Andorra,3740,4142,5575,5727,7909,8740,11132,1737,1939,2647,2741,3848,4200,5302,2003,2203,2928,2986,4061,4540,5830
   Bosnia and Herzegovina,861760,1372526,1496691,1501036,1572925,1593430,1687639,427367,668720,732010,726700,760012,763150,820732,434393,703806,764681,774336,812913,830280,866907
   Croatia,425544,735213,907031,839084,820407,806242,1039526,214109,362947,435683,399202,383471,375750,495533,211435,372266,471348,439882,436936,430492,543993
   Gibraltar*,11989,10130,8451,9643,10197,11916,13389,5670,4889,4174,4743,5130,5766,6434,6319,5241,4277,4900,5067,6150,6955
   Greece,1022125,1004201,982685,867619,789457,820119,1088507,533413,520579,506166,450195,408319,421173,567041,488712,483622,476519,417424,381138,398946,521466
   Holy See*,10,26,41,110,175,310,174,5,17,28,54,76,115,71,5,9,13,56,99,195,103
   Italy,3350982,3207728,3067498,2698486,2559233,2662661,3258831,1739388,1663871,1590861,1413246,1330202,1400582,1757002,1611594,1543857,1476637,1285240,1229031,1262079,1501829
   Malta,110738,109839,104869,100245,99294,93554,102793,56490,55524,52311,49819,49396,47197,51684,54248,54315,52558,50426,49898,46357,51109
   Montenegro,77384,144640,183451,148013,148754,134028,132965,38819,70517,85403,70332,67741,61328,61547,38565,74123,98048,77681,81013,72700,71418
   North Macedonia,432070,491992,532132,458822,526151,563354,693896,216997,245834,266937,229907,259242,291278,357739,215073,246158,265195,228915,266909,272076,336157
   Portugal,1871869,1920865,1993793,1743009,1927397,1971655,2081419,964178,986469,1021724,899359,987376,1010281,1074098,907691,934396,972069,843650,940021,961374,1007321
   San Marino,1413,2456,3494,2907,2266,3688,2407,568,1132,1693,1298,864,1269,986,845,1324,1801,1609,1402,2419,1421
   Serbia*,742547,914112,1131919,960621,936001,826891,1003962,393867,480918,592896,491207,463834,406341,497564,348680,433194,539023,469414,472167,420550,506398
   Slovenia,91447,108611,118659,119399,122948,136538,160197,39956,47496,52205,52802,54436,61173,73387,51491,61115,66454,66597,68512,75365,86810
   Spain*,1439004,1362409,1290614,1114465,1087071,1269283,1489823,683805,635414,588443,510383,489857,578769,697833,755199,726995,702171,604082,597214,690514,791990
  Western Europe,6100528,6375212,6833240,7466886,8226254,8394738,9177420,2825202,2985079,3230342,3563541,3874004,3970660,4350599,3275326,3390133,3602898,3903345,4352250,4424078,4826821
   Austria,505214,490045,478091,493349,517401,515234,600740,234319,227962,222934,227488,231771,233867,281323,270895,262083,255157,265861,285630,281367,319417
   Belgium,363970,374734,398864,437701,484032,515793,577463,156482,161376,172734,202650,218052,243956,276754,207488,213358,226130,235051,265980,271837,300709
   France*,1215837,1353297,1555391,1725216,1956818,2119266,2341908,572481,645393,748629,833193,943288,1023721,1139109,643356,707904,806762,892023,1013530,1095545,1202799
   Germany,2929448,3045354,3235247,3442933,3696638,3630278,3855268,1341083,1413344,1520496,1629631,1719667,1689326,1784487,1588365,1632010,1714751,1813302,1976971,1940952,2070781
   Liechtenstein,3425,3018,2688,2935,3590,3536,3706,1446,1304,1202,1307,1566,1565,1655,1979,1714,1486,1628,2024,1971,2051
   Luxembourg,36108,37875,39762,52806,62048,69366,81757,18542,19240,19991,26314,28889,32722,40460,17566,18635,19771,26492,33159,36644,41297
   Monaco,4475,4784,5124,19103,26954,29317,32552,2255,2388,2530,9580,13094,13915,15473,2220,2396,2594,9523,13860,15402,17079
   Netherlands*,716471,726856,747631,790554,854388,867093,970403,353394,361252,372460,397891,427577,435630,484739,363077,365604,375171,392663,426811,431463,485664
   Switzerland,325580,339249,370442,502289,624385,644855,713623,145200,152820,169366,235487,290100,295958,326599,180380,186429,201076,266802,334285,348897,387024
 LATIN AMERICA AND THE CARIBBEAN,15273399,19669704,24628700,29338206,34637650,36206000,42890481,7544689,9726163,12182539,14495367,16857618,17582139,20697275,7728710,9943541,12446161,14842839,17780032,18623861,22193206
  Caribbean,4139775,5035853,5966487,6506671,7273502,8135307,9078772,1973524,2347284,2729146,2979365,3274934,3802917,4252967,2166251,2688569,3237341,3527306,3998568,4332390,4825805
   Anguilla*,1832,2166,2508,2425,2273,2553,2505,953,1116,1276,1220,1159,1350,1293,879,1050,1232,1205,1114,1203,1212
   Antigua and Barbuda,21382,26965,32782,36398,41347,52189,66561,9656,12194,14856,16580,18668,23792,29948,11726,14771,17926,19818,22679,28397,36613
   Aruba*,5887,6705,7662,9482,13524,16621,21456,2606,2966,3395,4230,5880,7257,9326,3281,3739,4267,5252,7644,9364,12130
   Bahamas,25137,29594,34301,34715,35990,42965,53793,10606,12598,14737,15043,15388,18115,22329,14531,16996,19564,19672,20602,24850,31464
   Barbados,84766,89612,94998,92975,96193,101879,99611,40100,42423,44992,43951,45018,47152,45906,44666,47189,50006,49024,51175,54727,53705
"   Bonaire, Sint Eustatius and Saba*",445,540,647,753,7065,7295,8148,226,274,326,378,3150,3247,3657,219,266,321,375,3915,4048,4491
   British Virgin Islands*,3094,3368,3683,4008,4921,5118,5355,1340,1462,1603,1776,2173,2245,2343,1754,1906,2080,2232,2748,2873,3012
   Cayman Islands*,356,794,1278,1290,1404,1709,1908,187,363,559,590,658,796,863,169,431,719,700,746,913,1045
   Cuba,835175,934168,1047789,1160309,1314739,1505827,1757300,399033,445646,499590,553465,618056,702390,822706,436142,488522,548199,606844,696683,803437,934594
   CuraÃ§ao*,2104,2849,3779,4618,45248,6239,7611,1025,1410,1885,2327,20929,3141,3800,1079,1439,1894,2291,24319,3098,3811
   Dominica,40563,44210,48275,64037,73583,72585,78191,18576,20399,22384,28772,31285,30442,32456,21987,23811,25891,35265,42298,42143,45735
   Dominican Republic,458021,667015,889451,1014070,1184417,1454602,1608567,196168,283859,376036,430576,496745,608480,664406,261853,383156,513415,583494,687672,846122,944161
   Grenada,43237,54075,63791,64646,63930,69055,62204,19599,24526,28883,28858,27905,30025,27572,23638,29549,34908,35788,36025,39030,34632
   Guadeloupe*,5765,6748,7750,8911,10779,11993,12542,2558,2893,3235,3662,4393,4674,4953,3207,3855,4515,5249,6386,7319,7589
   Haiti,524711,661354,802218,967894,1123190,1467042,1769671,292687,361848,433429,515654,587744,793349,964896,232024,299506,368789,452240,535446,673693,804775
   Jamaica,588450,718362,857865,905170,989790,1031596,1118931,267945,324401,385488,402827,427047,440347,475022,320505,393961,472377,502343,562743,591249,643909
   Martinique*,11036,12501,14019,14340,14637,12675,12963,5607,6043,6498,6637,6756,5516,5623,5429,6458,7521,7703,7881,7159,7340
   Montserrat*,7178,11586,16132,15810,17378,20136,24582,3363,5193,7083,7090,7844,8863,10680,3815,6393,9049,8720,9534,11273,13902
   Puerto Rico*,1200245,1405619,1600058,1640015,1731818,1715817,1850529,574579,637593,688171,710802,737672,841611,905682,625666,768026,911887,929213,994146,874206,944847
   Saint BarthÃ©lemy*,0,0,0,0,0,0,0,0,0,0,0,0,0,0,0,0,0,0,0,0,0
   Saint Kitts and Nevis,18618,24662,30867,33317,35795,40211,50285,8702,11466,14309,15279,16120,18114,22359,9916,13196,16558,18038,19675,22097,27926
   Saint Lucia,21999,30672,39556,46897,50318,57939,71227,10050,13822,17671,20493,21372,24201,29632,11949,16850,21885,26404,28946,33738,41595
   Saint Martin (French part)*,0,0,0,0,0,0,0,0,0,0,0,0,0,0,0,0,0,0,0,0,0
   Saint Vincent and the Grenadines,37010,45669,53543,55611,55435,62292,55525,17889,22245,26215,26629,25950,29062,25768,19121,23424,27328,28982,29485,33230,29757
   Sint Maarten (Dutch part)*,707,914,1186,1246,3303,1929,2191,344,446,591,623,1563,932,1065,363,468,595,623,1740,997,1126
   Trinidad and Tobago,197440,251142,307795,322906,350517,368633,330519,87571,109768,133408,139303,148434,154574,137377,109869,141374,174387,183603,202083,214059,193142
   Turks and Caicos Islands*,2308,1533,740,1190,2197,2454,2689,1004,679,345,525,949,1036,1136,1304,854,395,665,1248,1418,1553
   United States Virgin Islands*,2309,3030,3814,3638,3711,3953,3908,1150,1651,2181,2075,2076,2206,2169,1159,1379,1633,1563,1635,1747,1739
  Central America,6823036,9288464,12228703,13978650,16204451,16291222,16198974,3539221,4886482,6477478,7424343,8489498,8439482,8312535,3283815,4401982,5751225,6554307,7714953,7851740,7886439
   Belize,36101,41950,48211,51883,57371,63099,52756,15084,17640,20421,22256,24357,26615,22097,21017,24310,27790,29627,33014,36484,30659
   Costa Rica,69283,84980,105227,117618,132317,138237,150241,29052,35626,44546,50583,56633,59116,64129,40231,49354,60681,67035,75684,79121,86112
   El Salvador,1241849,933103,949042,1118793,1337085,1512895,1599058,608473,463004,480184,568376,670201,753461,794168,633376,470099,468858,550417,666884,759434,804890
   Guatemala,348189,461891,582796,736715,924898,1118115,1368431,175814,234806,297854,375251,463621,557854,676642,172375,227085,284942,361464,461277,560261,691789
   Honduras,156379,246575,342103,448882,587503,729855,985077,66801,106313,148387,195742,249972,305667,401073,89578,140262,193716,253140,337531,424188,584004
   Mexico,4395355,6949276,9562878,10817810,12415222,11923234,11185737,2358111,3746874,5172990,5877135,6668397,6358119,5947873,2037244,3202402,4389888,4940675,5746825,5565115,5237864
   Nicaragua,441488,437711,501517,555532,610211,655577,718154,219504,216401,245092,269682,287563,305105,338488,221984,221310,256425,285850,322648,350472,379666
   Panama,134392,132978,136929,131417,139844,150210,139520,66382,65818,68004,65318,68754,73545,68065,68010,67160,68925,66099,71090,76665,71455
  South America,4310588,5345387,6433510,8852885,11159697,11779471,17612735,2031944,2492397,2975915,4091659,5093186,5339740,8131773,2278644,2852990,3457595,4761226,6066511,6439731,9480962
   Argentina,430155,481968,555542,805291,938639,943843,1076148,203580,230267,268387,397540,463178,462826,525891,226575,251701,287155,407751,475461,481017,550257
   Bolivia (Plurinational State of),224693,283540,344702,543766,779961,824008,927244,115446,144466,174719,265889,368682,390857,435335,109247,139074,169983,277877,411279,433151,491909
   Brazil,491359,730491,940458,1194575,1495404,1504231,1897128,221394,323017,406768,511722,632242,637038,801922,269965,407474,533690,682853,863162,867193,1095206
   Chile,493026,499207,511997,541745,571842,618015,643800,248431,245982,246871,260036,271267,291195,306204,244595,253225,265126,281709,300575,326820,337596
   Colombia,1009148,1215967,1433940,1883904,2554020,2698688,3024273,458639,556126,658250,859318,1177853,1234218,1376442,550509,659841,775690,1024586,1376167,1464470,1647831
   Ecuador,214008,326230,446380,986599,1152897,1130774,1127891,105646,159665,217734,478800,556323,538153,531506,108362,166565,228646,507799,596574,592621,596385
   Falkland Islands (Malvinas)*,255,760,1262,1095,1174,1370,1518,139,336,528,467,515,578,636,116,424,734,628,659,792,882
   French Guiana*,2840,3221,3640,3800,3940,4517,4595,1250,1390,1548,1612,1666,1847,1904,1590,1831,2092,2188,2274,2670,2691
   Guyana,233318,295292,362157,392555,439233,481258,438413,110591,139840,171419,185054,204145,222385,201232,122727,155452,190738,207501,235088,258873,237181
   Paraguay,297742,335845,374675,545698,765811,845591,896484,131474,147026,162710,238432,329005,363105,384808,166268,188819,211965,307266,436806,482486,511676
   Peru,313209,505474,694144,969002,1299095,1410199,1519635,149436,231433,311609,437143,563929,605953,665107,163773,274041,382535,531859,735166,804246,854528
   Suriname,177857,191535,211219,248782,258715,254612,273209,86610,91317,98738,115287,116117,112784,120783,91247,100218,112481,133495,142598,141828,152426
   Uruguay,237486,233993,235641,298986,338438,353225,367060,116499,114568,115418,146441,161309,167247,174801,120987,119425,120223,152545,177129,185978,192259
   Venezuela (Bolivarian Republic of),185492,241864,317753,437087,560528,709140,5415337,82809,106964,141216,193918,246955,311554,2605202,102683,134900,176537,243169,313573,397586,2810135
 NORTHERN AMERICA,2802135,2946161,3149919,3512106,3969803,4014649,4327958,1265636,1332584,1428451,1621606,1828799,1860379,2021487,1536499,1613577,1721468,1890500,2141004,2154270,2306471
   Bermuda*,71681,42587,14079,14907,15313,16225,21107,34691,20705,6962,7391,7588,8007,10312,36990,21882,7117,7516,7725,8218,10795
   Canada,994254,1064305,1142641,1185156,1268057,1263552,1292329,364830,393811,427501,452582,482978,479163,499038,629424,670494,715140,732574,785079,784389,793291
   Greenland*,9504,11361,13388,14618,15391,16711,17866,3771,4552,5412,6038,6484,7154,7658,5733,6809,7976,8580,8907,9557,10208
   Saint Pierre and Miquelon*,483,477,484,426,390,400,433,238,246,260,219,189,222,242,245,231,224,207,201,178,191
   United States of America*,1726213,1827431,1979327,2296999,2670652,2717761,2996223,862106,913270,988316,1155376,1331560,1365833,1504237,864107,914161,991011,1141623,1339092,1351928,1491986
 OCEANIA ,961547,1071295,1246836,1391418,1591168,1751422,1970205,468974,519067,604446,680818,788805,863511,967645,492573,552228,642390,710600,802363,887911,1002560
  Australia and New Zealand,689030,758234,871660,984280,1149265,1256202,1404924,335351,366709,421127,481926,573939,622696,693842,353679,391525,450533,502354,575326,633506,711082
   Australia*,301013,341312,381836,428769,486949,518158,598765,139236,157264,175553,201054,236444,248125,287109,161777,184048,206283,227715,250505,270033,311656
   New Zealand*,388017,416922,489824,555511,662316,738044,806159,196115,209445,245574,280872,337495,374571,406733,191902,207477,244250,274639,324821,363473,399426
  Melanesia,104497,123300,150371,177020,204278,229769,256021,50814,59221,72454,85269,97733,109523,121526,53683,64079,77917,91751,106545,120246,134495
   Fiji,90161,106488,131908,157045,183607,208568,233856,43626,50855,63308,75347,87439,99311,110816,46535,55633,68600,81698,96168,109257,123040
   New Caledonia*,4148,4600,4941,5219,5377,5584,5839,1927,2134,2274,2486,2664,2725,2855,2221,2466,2667,2733,2713,2859,2984
   Papua New Guinea,3107,4059,4552,4493,4231,4980,4810,1570,2035,2279,2224,2090,2351,2353,1537,2024,2273,2269,2141,2629,2457
   Solomon Islands,2212,2542,2728,2999,3371,3886,4270,1134,1281,1346,1456,1645,1913,2072,1078,1261,1382,1543,1726,1973,2198
   Vanuatu,4869,5611,6242,7264,7692,6751,7246,2557,2916,3247,3756,3895,3223,3430,2312,2695,2995,3508,3797,3528,3816
  Micronesia,21460,29154,39034,39932,39030,41950,50998,10467,14456,19250,19834,19448,20869,25179,10993,14698,19784,20098,19582,21081,25819
   Guam*,1375,1614,2797,2535,2209,2132,2213,693,851,1387,1228,1002,981,1007,682,763,1410,1307,1207,1151,1206
   Kiribati,4053,4246,3991,4021,3565,4127,5103,1937,2033,1898,1940,1739,2017,2495,2116,2213,2093,2081,1826,2110,2608
   Marshall Islands,1426,4154,6976,6654,6492,7625,10886,707,2080,3489,3337,3214,3763,5315,719,2074,3487,3317,3278,3862,5571
   Micronesia (Fed. States of),7713,12138,16914,18346,19404,20633,24945,3935,6150,8518,9227,9711,10312,12361,3778,5988,8396,9119,9693,10321,12584
   Nauru,1419,1511,1593,1869,2130,2267,2454,627,698,769,933,1094,1128,1214,792,813,824,936,1036,1139,1240
   Northern Mariana Islands*,2517,2647,2765,2725,2611,2607,2741,1199,1274,1333,1346,1329,1339,1401,1318,1373,1432,1379,1282,1268,1340
   Palau,2957,2844,3998,3782,2619,2559,2656,1369,1370,1856,1823,1359,1329,1386,1588,1474,2142,1959,1260,1230,1270
  Polynesia*,146560,160607,185771,190186,198595,223501,258262,72342,78681,91615,93789,97685,110423,127098,74218,81926,94156,96397,100910,113078,131164
   American Samoa*,2041,2638,3186,2588,2157,1961,1832,1049,1365,1629,1327,1097,992,924,992,1273,1557,1261,1060,969,908
   Cook Islands*,17485,17009,19478,19580,20556,21555,21106,8377,8149,9491,9550,10065,10691,10453,9108,8860,9987,10030,10491,10864,10653
   French Polynesia*,3132,3738,4300,2717,1550,1978,2157,1583,1868,2125,1370,833,1082,1187,1549,1870,2175,1347,717,896,970
   Niue*,5858,5571,5749,5291,5347,5348,5186,2832,2648,2788,2588,2609,2620,2555,3026,2923,2961,2703,2738,2728,2631
   Samoa,74861,81952,94541,99230,104820,116855,135732,36602,39841,46571,48839,51453,57509,66671,38259,42111,47970,50391,53367,59346,69061
   Tokelau*,1684,1810,2061,2090,2168,2171,2112,836,900,1017,1037,1090,1096,1068,848,910,1044,1053,1078,1075,1044
   Tonga,32665,38208,46444,48337,51521,59203,74550,16196,18815,22879,23897,25430,29476,36751,16469,19393,23565,24440,26091,29727,37799
   Tuvalu,2350,2738,2611,2917,3011,3203,3670,1203,1380,1354,1482,1475,1593,1816,1147,1358,1257,1435,1536,1610,1854
   Wallis and Futuna Islands*,6484,6943,7401,7436,7465,11227,11917,3664,3715,3761,3699,3633,5364,5673,2820,3228,3640,3737,3832,5863,6244
OTHER,8640334,7477497,7063730,7820665,8757236,10918842,12657151,4408990,3776224,3593958,4096864,4601492,5685512,6533198,4231344,3701273,3469772,3723801,4155744,5233330,6123953
